1.000000e-02	1.097709e-05	7.983066e-03	1.551013e-09	4.887635e-25	3.846548e+07
1.002000e+01	1.100326e-02	8.001938e+00	1.550387e-09	4.885861e-25	3.846393e+07
2.003000e+01	2.202085e-02	1.601333e+01	1.548511e-09	4.880539e-25	3.845926e+07
3.004000e+01	3.308938e-02	2.405980e+01	1.545377e-09	4.871653e-25	3.845145e+07
4.005000e+01	4.423513e-02	3.215944e+01	1.540977e-09	4.859175e-25	3.844041e+07
5.006000e+01	5.548545e-02	4.033101e+01	1.535294e-09	4.843065e-25	3.842605e+07
6.007000e+01	6.686910e-02	4.859423e+01	1.528309e-09	4.823268e-25	3.840823e+07
7.008000e+01	7.841673e-02	5.697007e+01	1.519999e-09	4.799719e-25	3.838680e+07
8.009000e+01	9.016140e-02	6.548107e+01	1.510332e-09	4.772336e-25	3.836153e+07
9.010000e+01	1.021392e-01	7.415174e+01	1.499274e-09	4.741022e-25	3.833218e+07
1.001100e+02	1.143899e-01	8.300906e+01	1.486781e-09	4.705659e-25	3.829844e+07
1.101200e+02	1.269581e-01	9.208303e+01	1.472803e-09	4.666112e-25	3.825992e+07
1.201300e+02	1.398939e-01	1.014074e+02	1.457280e-09	4.622217e-25	3.821618e+07
1.301400e+02	1.532548e-01	1.110205e+02	1.440143e-09	4.573787e-25	3.816667e+07
1.401500e+02	1.671071e-01	1.209667e+02	1.421310e-09	4.520599e-25	3.811074e+07
1.501600e+02	1.815285e-01	1.312972e+02	1.400682e-09	4.462389e-25	3.804756e+07
1.601700e+02	1.966112e-01	1.420727e+02	1.378146e-09	4.398847e-25	3.797615e+07
1.701800e+02	2.124660e-01	1.533660e+02	1.353563e-09	4.329603e-25	3.789526e+07
1.801900e+02	2.292283e-01	1.652648e+02	1.326766e-09	4.254208e-25	3.780335e+07
1.902000e+02	2.470663e-01	1.778780e+02	1.297554e-09	4.172120e-25	3.769842e+07
2.002100e+02	2.661933e-01	1.913421e+02	1.265674e-09	4.082665e-25	3.757791e+07
2.102200e+02	2.868855e-01	2.058326e+02	1.230809e-09	3.985000e-25	3.743838e+07
2.202300e+02	3.095107e-01	2.215811e+02	1.192553e-09	3.878040e-25	3.727520e+07
2.302400e+02	3.345746e-01	2.389025e+02	1.150364e-09	3.760353e-25	3.708183e+07
2.402500e+02	3.628011e-01	2.582421e+02	1.103502e-09	3.629985e-25	3.684875e+07
2.502600e+02	3.952821e-01	2.802625e+02	1.050901e-09	3.484135e-25	3.656127e+07
2.602700e+02	4.337845e-01	3.060178e+02	9.909289e-10	3.318531e-25	3.619521e+07
2.702800e+02	4.814673e-01	3.373550e+02	9.208464e-10	3.126045e-25	3.570644e+07
2.802900e+02	5.449674e-01	3.780550e+02	8.352980e-10	2.892818e-25	3.500055e+07
2.903000e+02	6.431986e-01	4.385059e+02	7.203641e-10	2.583093e-25	3.380388e+07
3.003100e+02	1.053411e+00	6.545420e+02	4.134143e-10	1.784659e-25	2.807921e+07
3.103200e+02	1.333232e+00	7.683309e+02	2.837272e-10	1.423851e-25	2.415411e+07
3.203300e+02	1.484607e+00	8.197544e+02	2.291127e-10	1.252430e-25	2.217432e+07
3.303400e+02	1.607723e+00	8.569426e+02	1.920395e-10	1.126570e-25	2.066269e+07
3.403500e+02	1.715971e+00	8.865302e+02	1.642879e-10	1.025858e-25	1.941212e+07
3.503600e+02	1.814612e+00	9.111809e+02	1.424923e-10	9.418866e-26	1.833780e+07
3.603700e+02	1.906365e+00	9.322969e+02	1.248614e-10	8.701233e-26	1.739410e+07
3.703800e+02	1.992853e+00	9.507287e+02	1.103049e-10	8.077568e-26	1.655269e+07
3.803900e+02	2.075137e+00	9.670402e+02	9.810163e-11	7.528866e-26	1.579433e+07
3.904000e+02	2.153960e+00	9.816286e+02	8.774775e-11	7.041504e-26	1.510515e+07
4.004100e+02	2.229861e+00	9.947864e+02	7.887656e-11	6.605301e-26	1.447471e+07
4.104200e+02	2.303251e+00	1.006736e+03	7.121303e-11	6.212402e-26	1.389487e+07
4.204300e+02	2.374451e+00	1.017652e+03	6.454599e-11	5.856598e-26	1.335914e+07
4.304400e+02	2.443714e+00	1.027674e+03	5.871013e-11	5.532885e-26	1.286222e+07
4.404500e+02	2.511248e+00	1.036914e+03	5.357398e-11	5.237164e-26	1.239973e+07
4.504600e+02	2.577225e+00	1.045466e+03	4.903164e-11	4.966034e-26	1.196799e+07
4.604700e+02	2.641789e+00	1.053409e+03	4.499679e-11	4.716640e-26	1.156387e+07
4.704800e+02	2.705061e+00	1.060807e+03	4.139836e-11	4.486562e-26	1.118469e+07
4.804900e+02	2.767147e+00	1.067717e+03	3.817739e-11	4.273735e-26	1.082812e+07
4.905000e+02	2.828138e+00	1.074187e+03	3.528453e-11	4.076378e-26	1.049215e+07
5.005100e+02	2.888111e+00	1.080259e+03	3.267821e-11	3.892949e-26	1.017499e+07
5.105200e+02	2.947137e+00	1.085970e+03	3.032321e-11	3.722107e-26	9.875083e+06
5.205300e+02	3.005278e+00	1.091351e+03	2.818949e-11	3.562675e-26	9.591038e+06
5.305400e+02	3.062588e+00	1.096431e+03	2.625134e-11	3.413616e-26	9.321618e+06
5.405500e+02	3.119116e+00	1.101234e+03	2.448659e-11	3.274016e-26	9.065715e+06
5.505600e+02	3.174907e+00	1.105783e+03	2.287610e-11	3.143063e-26	8.822335e+06
5.605700e+02	3.230000e+00	1.110097e+03	2.140324e-11	3.020032e-26	8.590581e+06
5.705800e+02	3.284433e+00	1.114194e+03	2.005352e-11	2.904278e-26	8.369644e+06
5.805900e+02	3.338237e+00	1.118091e+03	1.881426e-11	2.795221e-26	8.158787e+06
5.906000e+02	3.391443e+00	1.121800e+03	1.767434e-11	2.692339e-26	7.957342e+06
6.006100e+02	3.444079e+00	1.125337e+03	1.662397e-11	2.595163e-26	7.764699e+06
6.106200e+02	3.496170e+00	1.128711e+03	1.565450e-11	2.503268e-26	7.580300e+06
6.206300e+02	3.547739e+00	1.131935e+03	1.475829e-11	2.416270e-26	7.403636e+06
6.306400e+02	3.598810e+00	1.135017e+03	1.392852e-11	2.333817e-26	7.234237e+06
6.406500e+02	3.649401e+00	1.137967e+03	1.315917e-11	2.255594e-26	7.071671e+06
6.506600e+02	3.699532e+00	1.140793e+03	1.244482e-11	2.181308e-26	6.915541e+06
6.606700e+02	3.749220e+00	1.143503e+03	1.178067e-11	2.110696e-26	6.765480e+06
6.706800e+02	3.798482e+00	1.146103e+03	1.116237e-11	2.043515e-26	6.621148e+06
6.806900e+02	3.847332e+00	1.148601e+03	1.058606e-11	1.979541e-26	6.482231e+06
6.907000e+02	3.895786e+00	1.151001e+03	1.004824e-11	1.918571e-26	6.348435e+06
7.007100e+02	3.943856e+00	1.153309e+03	9.545757e-12	1.860416e-26	6.219491e+06
7.107200e+02	3.991556e+00	1.155530e+03	9.075768e-12	1.804903e-26	6.095145e+06
7.207300e+02	4.038897e+00	1.157670e+03	8.635700e-12	1.751872e-26	5.975162e+06
7.307400e+02	4.085890e+00	1.159732e+03	8.223219e-12	1.701175e-26	5.859323e+06
7.407500e+02	4.132547e+00	1.161720e+03	7.836209e-12	1.652675e-26	5.747422e+06
7.507600e+02	4.178878e+00	1.163639e+03	7.472744e-12	1.606245e-26	5.639268e+06
7.607700e+02	4.224891e+00	1.165491e+03	7.131070e-12	1.561768e-26	5.534681e+06
7.707800e+02	4.270596e+00	1.167280e+03	6.809587e-12	1.519135e-26	5.433492e+06
7.807900e+02	4.316002e+00	1.169010e+03	6.506836e-12	1.478243e-26	5.335543e+06
7.908000e+02	4.361117e+00	1.170682e+03	6.221480e-12	1.438998e-26	5.240687e+06
8.008100e+02	4.405948e+00	1.172300e+03	5.952297e-12	1.401311e-26	5.148782e+06
8.108200e+02	4.450503e+00	1.173866e+03	5.698164e-12	1.365101e-26	5.059699e+06
8.208300e+02	4.494790e+00	1.175383e+03	5.458053e-12	1.330290e-26	4.973313e+06
8.308400e+02	4.538814e+00	1.176853e+03	5.231015e-12	1.296807e-26	4.889507e+06
8.408500e+02	4.582583e+00	1.178277e+03	5.016182e-12	1.264584e-26	4.808172e+06
8.508600e+02	4.626102e+00	1.179659e+03	4.812749e-12	1.233558e-26	4.729203e+06
8.608700e+02	4.669378e+00	1.180999e+03	4.619976e-12	1.203671e-26	4.652502e+06
8.708800e+02	4.712416e+00	1.182300e+03	4.437181e-12	1.174865e-26	4.577976e+06
8.808900e+02	4.755222e+00	1.183563e+03	4.263731e-12	1.147091e-26	4.505537e+06
8.909000e+02	4.797801e+00	1.184789e+03	4.099042e-12	1.120297e-26	4.435102e+06
9.009100e+02	4.840157e+00	1.185981e+03	3.942572e-12	1.094439e-26	4.366591e+06
9.109200e+02	4.882297e+00	1.187140e+03	3.793820e-12	1.069473e-26	4.299930e+06
9.209300e+02	4.924223e+00	1.188267e+03	3.652319e-12	1.045358e-26	4.235047e+06
9.309400e+02	4.965942e+00	1.189363e+03	3.517639e-12	1.022056e-26	4.171874e+06
9.409500e+02	5.007456e+00	1.190429e+03	3.389375e-12	9.995295e-27	4.110348e+06
9.509600e+02	5.048771e+00	1.191467e+03	3.267155e-12	9.777452e-27	4.050406e+06
9.609700e+02	5.089890e+00	1.192478e+03	3.150630e-12	9.566702e-27	3.991992e+06
9.709800e+02	5.130818e+00	1.193462e+03	3.039475e-12	9.362740e-27	3.935049e+06
9.809900e+02	5.171557e+00	1.194422e+03	2.933387e-12	9.165274e-27	3.879524e+06
9.910000e+02	5.212111e+00	1.195356e+03	2.832085e-12	8.974031e-27	3.825368e+06
1.001010e+03	5.252485e+00	1.196268e+03	2.735303e-12	8.788749e-27	3.772531e+06
1.011020e+03	5.292681e+00	1.197156e+03	2.642795e-12	8.609183e-27	3.720969e+06
1.021030e+03	5.332702e+00	1.198023e+03	2.554331e-12	8.435097e-27	3.670638e+06
1.031040e+03	5.372552e+00	1.198869e+03	2.469693e-12	8.266270e-27	3.621495e+06
1.041050e+03	5.412233e+00	1.199694e+03	2.388679e-12	8.102491e-27	3.573500e+06
1.051060e+03	5.451750e+00	1.200500e+03	2.311100e-12	7.943559e-27	3.526616e+06
1.061070e+03	5.491104e+00	1.201287e+03	2.236778e-12	7.789284e-27	3.480806e+06
1.071080e+03	5.530298e+00	1.202055e+03	2.165544e-12	7.639485e-27	3.436035e+06
1.081090e+03	5.569335e+00	1.202806e+03	2.097243e-12	7.493989e-27	3.392268e+06
1.091100e+03	5.608217e+00	1.203539e+03	2.031726e-12	7.352632e-27	3.349475e+06
1.101110e+03	5.646948e+00	1.204256e+03	1.968854e-12	7.215259e-27	3.307624e+06
1.111120e+03	5.685529e+00	1.204957e+03	1.908497e-12	7.081719e-27	3.266685e+06
1.121130e+03	5.723963e+00	1.205643e+03	1.850532e-12	6.951871e-27	3.226631e+06
1.131140e+03	5.762253e+00	1.206313e+03	1.794842e-12	6.825580e-27	3.187434e+06
1.141150e+03	5.800400e+00	1.206969e+03	1.741319e-12	6.702715e-27	3.149068e+06
1.151160e+03	5.838406e+00	1.207610e+03	1.689859e-12	6.583154e-27	3.111508e+06
1.161170e+03	5.876275e+00	1.208238e+03	1.640364e-12	6.466779e-27	3.074729e+06
1.171180e+03	5.914007e+00	1.208853e+03	1.592744e-12	6.353477e-27	3.038709e+06
1.181190e+03	5.951606e+00	1.209455e+03	1.546911e-12	6.243140e-27	3.003425e+06
1.191200e+03	5.989072e+00	1.210044e+03	1.502783e-12	6.135665e-27	2.968857e+06
1.201210e+03	6.026408e+00	1.210622e+03	1.460283e-12	6.030954e-27	2.934982e+06
1.211220e+03	6.063616e+00	1.211187e+03	1.419336e-12	5.928912e-27	2.901782e+06
1.221230e+03	6.100697e+00	1.211741e+03	1.379874e-12	5.829449e-27	2.869237e+06
1.231240e+03	6.137654e+00	1.212284e+03	1.341831e-12	5.732479e-27	2.837330e+06
1.241250e+03	6.174487e+00	1.212816e+03	1.305143e-12	5.637918e-27	2.806041e+06
1.251260e+03	6.211200e+00	1.213338e+03	1.269753e-12	5.545687e-27	2.775354e+06
1.261270e+03	6.247792e+00	1.213850e+03	1.235603e-12	5.455710e-27	2.745253e+06
1.271280e+03	6.284267e+00	1.214351e+03	1.202641e-12	5.367914e-27	2.715721e+06
1.281290e+03	6.320625e+00	1.214843e+03	1.170817e-12	5.282228e-27	2.686744e+06
1.291300e+03	6.356868e+00	1.215326e+03	1.140081e-12	5.198586e-27	2.658306e+06
1.301310e+03	6.392998e+00	1.215800e+03	1.110388e-12	5.116922e-27	2.630393e+06
1.311320e+03	6.429015e+00	1.216264e+03	1.081696e-12	5.037174e-27	2.602992e+06
1.321330e+03	6.464922e+00	1.216720e+03	1.053962e-12	4.959283e-27	2.576088e+06
1.331340e+03	6.500720e+00	1.217168e+03	1.027148e-12	4.883191e-27	2.549670e+06
1.341350e+03	6.536411e+00	1.217608e+03	1.001217e-12	4.808844e-27	2.523724e+06
1.351360e+03	6.571994e+00	1.218039e+03	9.761316e-13	4.736187e-27	2.498239e+06
1.361370e+03	6.607473e+00	1.218463e+03	9.518594e-13	4.665170e-27	2.473203e+06
1.371380e+03	6.642847e+00	1.218879e+03	9.283679e-13	4.595745e-27	2.448605e+06
1.381390e+03	6.678120e+00	1.219288e+03	9.056262e-13	4.527862e-27	2.424434e+06
1.391400e+03	6.713290e+00	1.219690e+03	8.836051e-13	4.461478e-27	2.400678e+06
1.401410e+03	6.748361e+00	1.220085e+03	8.622766e-13	4.396548e-27	2.377329e+06
1.411420e+03	6.783332e+00	1.220473e+03	8.416140e-13	4.333029e-27	2.354376e+06
1.421430e+03	6.818206e+00	1.220854e+03	8.215920e-13	4.270882e-27	2.331810e+06
1.431440e+03	6.852982e+00	1.221229e+03	8.021860e-13	4.210066e-27	2.309621e+06
1.441450e+03	6.887663e+00	1.221597e+03	7.833731e-13	4.150544e-27	2.287801e+06
1.451460e+03	6.922250e+00	1.221960e+03	7.651308e-13	4.092279e-27	2.266340e+06
1.461470e+03	6.956743e+00	1.222316e+03	7.474382e-13	4.035236e-27	2.245230e+06
1.471480e+03	6.991143e+00	1.222666e+03	7.302748e-13	3.979382e-27	2.224463e+06
1.481490e+03	7.025453e+00	1.223011e+03	7.136213e-13	3.924682e-27	2.204032e+06
1.491500e+03	7.059671e+00	1.223350e+03	6.974591e-13	3.871106e-27	2.183927e+06
1.501510e+03	7.093800e+00	1.223683e+03	6.817705e-13	3.818623e-27	2.164143e+06
1.511520e+03	7.127841e+00	1.224012e+03	6.665385e-13	3.767203e-27	2.144672e+06
1.521530e+03	7.161794e+00	1.224334e+03	6.517468e-13	3.716817e-27	2.125506e+06
1.531540e+03	7.195660e+00	1.224652e+03	6.373798e-13	3.667438e-27	2.106639e+06
1.541550e+03	7.229441e+00	1.224965e+03	6.234226e-13	3.619040e-27	2.088064e+06
1.551560e+03	7.263136e+00	1.225273e+03	6.098609e-13	3.571596e-27	2.069774e+06
1.561570e+03	7.296748e+00	1.225576e+03	5.966809e-13	3.525081e-27	2.051765e+06
1.571580e+03	7.330277e+00	1.225874e+03	5.838695e-13	3.479472e-27	2.034028e+06
1.581590e+03	7.363723e+00	1.226168e+03	5.714140e-13	3.434744e-27	2.016560e+06
1.591600e+03	7.397088e+00	1.226458e+03	5.593024e-13	3.390875e-27	1.999353e+06
1.601610e+03	7.430372e+00	1.226743e+03	5.475230e-13	3.347844e-27	1.982402e+06
1.611620e+03	7.463576e+00	1.227023e+03	5.360646e-13	3.305629e-27	1.965701e+06
1.621630e+03	7.496701e+00	1.227300e+03	5.249166e-13	3.264209e-27	1.949247e+06
1.631640e+03	7.529748e+00	1.227572e+03	5.140686e-13	3.223565e-27	1.933032e+06
1.641650e+03	7.562718e+00	1.227841e+03	5.035107e-13	3.183677e-27	1.917053e+06
1.651660e+03	7.595610e+00	1.228105e+03	4.932334e-13	3.144527e-27	1.901305e+06
1.661670e+03	7.628427e+00	1.228366e+03	4.832277e-13	3.106096e-27	1.885782e+06
1.671680e+03	7.661168e+00	1.228623e+03	4.734846e-13	3.068367e-27	1.870480e+06
1.681690e+03	7.693835e+00	1.228876e+03	4.639958e-13	3.031323e-27	1.855395e+06
1.691700e+03	7.726427e+00	1.229126e+03	4.547532e-13	2.994948e-27	1.840522e+06
1.701710e+03	7.758946e+00	1.229372e+03	4.457488e-13	2.959225e-27	1.825857e+06
1.711720e+03	7.791393e+00	1.229614e+03	4.369752e-13	2.924138e-27	1.811396e+06
1.721730e+03	7.823768e+00	1.229854e+03	4.284251e-13	2.889673e-27	1.797135e+06
1.731740e+03	7.856071e+00	1.230089e+03	4.200916e-13	2.855816e-27	1.783070e+06
1.741750e+03	7.888304e+00	1.230322e+03	4.119679e-13	2.822551e-27	1.769196e+06
1.751760e+03	7.920467e+00	1.230551e+03	4.040475e-13	2.789866e-27	1.755512e+06
1.761770e+03	7.952561e+00	1.230778e+03	3.963243e-13	2.757746e-27	1.742011e+06
1.771780e+03	7.984585e+00	1.231001e+03	3.887922e-13	2.726179e-27	1.728692e+06
1.781790e+03	8.016542e+00	1.231221e+03	3.814454e-13	2.695152e-27	1.715551e+06
1.791800e+03	8.048431e+00	1.231438e+03	3.742783e-13	2.664653e-27	1.702584e+06
1.801810e+03	8.080253e+00	1.231652e+03	3.672855e-13	2.634669e-27	1.689788e+06
1.811820e+03	8.112008e+00	1.231864e+03	3.604619e-13	2.605190e-27	1.677160e+06
1.821830e+03	8.143698e+00	1.232073e+03	3.538024e-13	2.576204e-27	1.664696e+06
1.831840e+03	8.175322e+00	1.232278e+03	3.473022e-13	2.547700e-27	1.652394e+06
1.841850e+03	8.206882e+00	1.232482e+03	3.409566e-13	2.519668e-27	1.640251e+06
1.851860e+03	8.238378e+00	1.232682e+03	3.347611e-13	2.492096e-27	1.628264e+06
1.861870e+03	8.269809e+00	1.232880e+03	3.287114e-13	2.464976e-27	1.616429e+06
1.871880e+03	8.301178e+00	1.233076e+03	3.228032e-13	2.438296e-27	1.604744e+06
1.881890e+03	8.332484e+00	1.233269e+03	3.170325e-13	2.412049e-27	1.593207e+06
1.891900e+03	8.363728e+00	1.233459e+03	3.113954e-13	2.386224e-27	1.581815e+06
1.901910e+03	8.394910e+00	1.233647e+03	3.058881e-13	2.360812e-27	1.570564e+06
1.911920e+03	8.426031e+00	1.233833e+03	3.005068e-13	2.335804e-27	1.559454e+06
1.921930e+03	8.457092e+00	1.234016e+03	2.952482e-13	2.311193e-27	1.548480e+06
1.931940e+03	8.488092e+00	1.234198e+03	2.901087e-13	2.286969e-27	1.537641e+06
1.941950e+03	8.519032e+00	1.234376e+03	2.850851e-13	2.263125e-27	1.526935e+06
1.951960e+03	8.549914e+00	1.234553e+03	2.801741e-13	2.239652e-27	1.516359e+06
1.961970e+03	8.580737e+00	1.234728e+03	2.753727e-13	2.216544e-27	1.505910e+06
1.971980e+03	8.611501e+00	1.234900e+03	2.706778e-13	2.193792e-27	1.495587e+06
1.981990e+03	8.642207e+00	1.235070e+03	2.660866e-13	2.171389e-27	1.485388e+06
1.992000e+03	8.672857e+00	1.235239e+03	2.615962e-13	2.149328e-27	1.475310e+06
2.002010e+03	8.703449e+00	1.235405e+03	2.572040e-13	2.127602e-27	1.465351e+06
2.012020e+03	8.733984e+00	1.235569e+03	2.529072e-13	2.106205e-27	1.455510e+06
2.022030e+03	8.764464e+00	1.235732e+03	2.487034e-13	2.085129e-27	1.445784e+06
2.032040e+03	8.794888e+00	1.235892e+03	2.445902e-13	2.064368e-27	1.436171e+06
2.042050e+03	8.825256e+00	1.236051e+03	2.405650e-13	2.043917e-27	1.426670e+06
2.052060e+03	8.855570e+00	1.236207e+03	2.366256e-13	2.023769e-27	1.417279e+06
2.062070e+03	8.885829e+00	1.236362e+03	2.327697e-13	2.003917e-27	1.407996e+06
2.072080e+03	8.916034e+00	1.236515e+03	2.289953e-13	1.984357e-27	1.398818e+06
2.082090e+03	8.946185e+00	1.236667e+03	2.253001e-13	1.965082e-27	1.389745e+06
2.092100e+03	8.976284e+00	1.236816e+03	2.216821e-13	1.946087e-27	1.380775e+06
2.102110e+03	9.006329e+00	1.236964e+03	2.181394e-13	1.927367e-27	1.371906e+06
2.112120e+03	9.036322e+00	1.237110e+03	2.146700e-13	1.908915e-27	1.363136e+06
2.122130e+03	9.066262e+00	1.237255e+03	2.112721e-13	1.890728e-27	1.354464e+06
2.132140e+03	9.096151e+00	1.237398e+03	2.079439e-13	1.872800e-27	1.345889e+06
2.142150e+03	9.125988e+00	1.237539e+03	2.046835e-13	1.855127e-27	1.337408e+06
2.152160e+03	9.155775e+00	1.237679e+03	2.014894e-13	1.837702e-27	1.329020e+06
2.162170e+03	9.185510e+00	1.237817e+03	1.983599e-13	1.820523e-27	1.320724e+06
2.172180e+03	9.215195e+00	1.237954e+03	1.952933e-13	1.803583e-27	1.312519e+06
2.182190e+03	9.244831e+00	1.238089e+03	1.922881e-13	1.786879e-27	1.304403e+06
2.192200e+03	9.274416e+00	1.238223e+03	1.893428e-13	1.770407e-27	1.296374e+06
2.202210e+03	9.303952e+00	1.238355e+03	1.864560e-13	1.754162e-27	1.288431e+06
2.212220e+03	9.333440e+00	1.238486e+03	1.836262e-13	1.738139e-27	1.280574e+06
2.222230e+03	9.362878e+00	1.238615e+03	1.808520e-13	1.722336e-27	1.272799e+06
2.232240e+03	9.392269e+00	1.238744e+03	1.781321e-13	1.706747e-27	1.265108e+06
2.242250e+03	9.421611e+00	1.238870e+03	1.754652e-13	1.691369e-27	1.257497e+06
2.252260e+03	9.450905e+00	1.238996e+03	1.728500e-13	1.676199e-27	1.249967e+06
2.262270e+03	9.480152e+00	1.239120e+03	1.702853e-13	1.661232e-27	1.242515e+06
2.272280e+03	9.509352e+00	1.239242e+03	1.677700e-13	1.646464e-27	1.235141e+06
2.282290e+03	9.538506e+00	1.239364e+03	1.653027e-13	1.631893e-27	1.227843e+06
2.292300e+03	9.567613e+00	1.239484e+03	1.628825e-13	1.617515e-27	1.220620e+06
2.302310e+03	9.596673e+00	1.239603e+03	1.605082e-13	1.603327e-27	1.213471e+06
2.312320e+03	9.625688e+00	1.239721e+03	1.581787e-13	1.589324e-27	1.206396e+06
2.322330e+03	9.654657e+00	1.239837e+03	1.558930e-13	1.575505e-27	1.199393e+06
2.332340e+03	9.683581e+00	1.239952e+03	1.536501e-13	1.561865e-27	1.192460e+06
2.342350e+03	9.712461e+00	1.240067e+03	1.514490e-13	1.548402e-27	1.185597e+06
2.352360e+03	9.741295e+00	1.240180e+03	1.492888e-13	1.535112e-27	1.178804e+06
2.362370e+03	9.770085e+00	1.240291e+03	1.471685e-13	1.521993e-27	1.172078e+06
2.372380e+03	9.798830e+00	1.240402e+03	1.450872e-13	1.509042e-27	1.165420e+06
2.382390e+03	9.827532e+00	1.240512e+03	1.430440e-13	1.496255e-27	1.158827e+06
2.392400e+03	9.856191e+00	1.240620e+03	1.410382e-13	1.483631e-27	1.152299e+06
2.402410e+03	9.884806e+00	1.240728e+03	1.390687e-13	1.471165e-27	1.145836e+06
2.412420e+03	9.913377e+00	1.240834e+03	1.371349e-13	1.458857e-27	1.139436e+06
2.422430e+03	9.941906e+00	1.240939e+03	1.352360e-13	1.446702e-27	1.133098e+06
2.432440e+03	9.970393e+00	1.241044e+03	1.333711e-13	1.434699e-27	1.126822e+06
2.442450e+03	9.998837e+00	1.241147e+03	1.315396e-13	1.422845e-27	1.120607e+06
2.452460e+03	1.002724e+01	1.241249e+03	1.297406e-13	1.411138e-27	1.114451e+06
2.462470e+03	1.005560e+01	1.241351e+03	1.279735e-13	1.399574e-27	1.108355e+06
2.472480e+03	1.008392e+01	1.241451e+03	1.262376e-13	1.388152e-27	1.102316e+06
2.482490e+03	1.011220e+01	1.241550e+03	1.245323e-13	1.376870e-27	1.096335e+06
2.492500e+03	1.014043e+01	1.241649e+03	1.228567e-13	1.365725e-27	1.090411e+06
2.502510e+03	1.016863e+01	1.241746e+03	1.212104e-13	1.354715e-27	1.084543e+06
2.512520e+03	1.019678e+01	1.241843e+03	1.195927e-13	1.343837e-27	1.078730e+06
2.522530e+03	1.022490e+01	1.241938e+03	1.180029e-13	1.333090e-27	1.072971e+06
2.532540e+03	1.025297e+01	1.242033e+03	1.164406e-13	1.322472e-27	1.067265e+06
2.542550e+03	1.028101e+01	1.242127e+03	1.149050e-13	1.311980e-27	1.061613e+06
2.552560e+03	1.030900e+01	1.242220e+03	1.133957e-13	1.301613e-27	1.056013e+06
2.562570e+03	1.033696e+01	1.242312e+03	1.119121e-13	1.291368e-27	1.050465e+06
2.572580e+03	1.036488e+01	1.242403e+03	1.104537e-13	1.281244e-27	1.044967e+06
2.582590e+03	1.039275e+01	1.242494e+03	1.090198e-13	1.271239e-27	1.039520e+06
2.592600e+03	1.042059e+01	1.242583e+03	1.076101e-13	1.261350e-27	1.034122e+06
2.602610e+03	1.044839e+01	1.242672e+03	1.062240e-13	1.251577e-27	1.028774e+06
2.612620e+03	1.047616e+01	1.242760e+03	1.048611e-13	1.241917e-27	1.023473e+06
2.622630e+03	1.050388e+01	1.242847e+03	1.035208e-13	1.232368e-27	1.018220e+06
2.632640e+03	1.053157e+01	1.242934e+03	1.022027e-13	1.222929e-27	1.013015e+06
2.642650e+03	1.055922e+01	1.243019e+03	1.009064e-13	1.213599e-27	1.007855e+06
2.652660e+03	1.058683e+01	1.243104e+03	9.963141e-14	1.204375e-27	1.002742e+06
2.662670e+03	1.061440e+01	1.243188e+03	9.837728e-14	1.195255e-27	9.976739e+05
2.672680e+03	1.064194e+01	1.243272e+03	9.714360e-14	1.186239e-27	9.926505e+05
2.682690e+03	1.066944e+01	1.243354e+03	9.592998e-14	1.177325e-27	9.876713e+05
2.692700e+03	1.069690e+01	1.243436e+03	9.473601e-14	1.168511e-27	9.827357e+05
2.702710e+03	1.072433e+01	1.243517e+03	9.356131e-14	1.159796e-27	9.778432e+05
2.712720e+03	1.075172e+01	1.243598e+03	9.240548e-14	1.151178e-27	9.729932e+05
2.722730e+03	1.077907e+01	1.243677e+03	9.126816e-14	1.142656e-27	9.681851e+05
2.732740e+03	1.080639e+01	1.243756e+03	9.014898e-14	1.134228e-27	9.634186e+05
2.742750e+03	1.083367e+01	1.243835e+03	8.904760e-14	1.125893e-27	9.586930e+05
2.752760e+03	1.086092e+01	1.243912e+03	8.796365e-14	1.117650e-27	9.540080e+05
2.762770e+03	1.088813e+01	1.243989e+03	8.689681e-14	1.109497e-27	9.493628e+05
2.772780e+03	1.091531e+01	1.244066e+03	8.584674e-14	1.101433e-27	9.447572e+05
2.782790e+03	1.094245e+01	1.244141e+03	8.481311e-14	1.093457e-27	9.401906e+05
2.792800e+03	1.096956e+01	1.244217e+03	8.379562e-14	1.085567e-27	9.356625e+05
2.802810e+03	1.099663e+01	1.244291e+03	8.279395e-14	1.077762e-27	9.311725e+05
2.812820e+03	1.102367e+01	1.244365e+03	8.180781e-14	1.070042e-27	9.267201e+05
2.822830e+03	1.105068e+01	1.244438e+03	8.083689e-14	1.062404e-27	9.223049e+05
2.832840e+03	1.107765e+01	1.244511e+03	7.988090e-14	1.054847e-27	9.179265e+05
2.842850e+03	1.110458e+01	1.244582e+03	7.893958e-14	1.047371e-27	9.135843e+05
2.852860e+03	1.113149e+01	1.244654e+03	7.801263e-14	1.039975e-27	9.092780e+05
2.862870e+03	1.115835e+01	1.244725e+03	7.709979e-14	1.032656e-27	9.050071e+05
2.872880e+03	1.118519e+01	1.244795e+03	7.620080e-14	1.025415e-27	9.007712e+05
2.882890e+03	1.121199e+01	1.244864e+03	7.531540e-14	1.018249e-27	8.965700e+05
2.892900e+03	1.123876e+01	1.244933e+03	7.444333e-14	1.011159e-27	8.924030e+05
2.902910e+03	1.126550e+01	1.245002e+03	7.358435e-14	1.004142e-27	8.882698e+05
2.912920e+03	1.129220e+01	1.245070e+03	7.273823e-14	9.971981e-28	8.841700e+05
2.922930e+03	1.131888e+01	1.245137e+03	7.190471e-14	9.903261e-28	8.801033e+05
2.932940e+03	1.134551e+01	1.245204e+03	7.108358e-14	9.835250e-28	8.760692e+05
2.942950e+03	1.137212e+01	1.245270e+03	7.027461e-14	9.767938e-28	8.720674e+05
2.952960e+03	1.139870e+01	1.245336e+03	6.947757e-14	9.701315e-28	8.680976e+05
2.962970e+03	1.142524e+01	1.245401e+03	6.869225e-14	9.635372e-28	8.641593e+05
2.972980e+03	1.145175e+01	1.245466e+03	6.791844e-14	9.570099e-28	8.602522e+05
2.982990e+03	1.147823e+01	1.245530e+03	6.715593e-14	9.505488e-28	8.563759e+05
2.993000e+03	1.150468e+01	1.245594e+03	6.640452e-14	9.441530e-28	8.525301e+05
3.003010e+03	1.153109e+01	1.245657e+03	6.566400e-14	9.378216e-28	8.487145e+05
3.013020e+03	1.155748e+01	1.245720e+03	6.493420e-14	9.315537e-28	8.449288e+05
3.023030e+03	1.158384e+01	1.245782e+03	6.421491e-14	9.253486e-28	8.411725e+05
3.033040e+03	1.161016e+01	1.245844e+03	6.350595e-14	9.192052e-28	8.374453e+05
3.043050e+03	1.163645e+01	1.245905e+03	6.280714e-14	9.131229e-28	8.337470e+05
3.053060e+03	1.166271e+01	1.245966e+03	6.211830e-14	9.071008e-28	8.300773e+05
3.063070e+03	1.168895e+01	1.246026e+03	6.143925e-14	9.011382e-28	8.264357e+05
3.073080e+03	1.171515e+01	1.246086e+03	6.076983e-14	8.952342e-28	8.228220e+05
3.083090e+03	1.174132e+01	1.246145e+03	6.010987e-14	8.893881e-28	8.192360e+05
3.093100e+03	1.176746e+01	1.246204e+03	5.945920e-14	8.835991e-28	8.156772e+05
3.103110e+03	1.179357e+01	1.246262e+03	5.881766e-14	8.778665e-28	8.121454e+05
3.113120e+03	1.181966e+01	1.246320e+03	5.818509e-14	8.721895e-28	8.086403e+05
3.123130e+03	1.184571e+01	1.246378e+03	5.756135e-14	8.665675e-28	8.051617e+05
3.133140e+03	1.187173e+01	1.246435e+03	5.694628e-14	8.609997e-28	8.017091e+05
3.143150e+03	1.189773e+01	1.246492e+03	5.633972e-14	8.554855e-28	7.982825e+05
3.153160e+03	1.192369e+01	1.246548e+03	5.574155e-14	8.500241e-28	7.948814e+05
3.163170e+03	1.194963e+01	1.246604e+03	5.515161e-14	8.446149e-28	7.915056e+05
3.173180e+03	1.197553e+01	1.246659e+03	5.456976e-14	8.392572e-28	7.881548e+05
3.183190e+03	1.200141e+01	1.246714e+03	5.399588e-14	8.339504e-28	7.848288e+05
3.193200e+03	1.202726e+01	1.246769e+03	5.342982e-14	8.286937e-28	7.815274e+05
3.203210e+03	1.205308e+01	1.246823e+03	5.287146e-14	8.234867e-28	7.782502e+05
3.213220e+03	1.207888e+01	1.246877e+03	5.232066e-14	8.183286e-28	7.749970e+05
3.223230e+03	1.210464e+01	1.246930e+03	5.177730e-14	8.132189e-28	7.717675e+05
3.233240e+03	1.213038e+01	1.246983e+03	5.124126e-14	8.081569e-28	7.685615e+05
3.243250e+03	1.215608e+01	1.247036e+03	5.071242e-14	8.031421e-28	7.653788e+05
3.253260e+03	1.218176e+01	1.247088e+03	5.019065e-14	7.981739e-28	7.622191e+05
3.263270e+03	1.220742e+01	1.247140e+03	4.967585e-14	7.932516e-28	7.590822e+05
3.273280e+03	1.223304e+01	1.247192e+03	4.916789e-14	7.883748e-28	7.559678e+05
3.283290e+03	1.225864e+01	1.247243e+03	4.866666e-14	7.835429e-28	7.528758e+05
3.293300e+03	1.228421e+01	1.247294e+03	4.817207e-14	7.787553e-28	7.498058e+05
3.303310e+03	1.230975e+01	1.247344e+03	4.768399e-14	7.740114e-28	7.467577e+05
3.313320e+03	1.233527e+01	1.247394e+03	4.720232e-14	7.693108e-28	7.437313e+05
3.323330e+03	1.236075e+01	1.247444e+03	4.672697e-14	7.646530e-28	7.407262e+05
3.333340e+03	1.238622e+01	1.247493e+03	4.625782e-14	7.600373e-28	7.377424e+05
3.343350e+03	1.241165e+01	1.247542e+03	4.579478e-14	7.554634e-28	7.347796e+05
3.353360e+03	1.243706e+01	1.247591e+03	4.533775e-14	7.509306e-28	7.318375e+05
3.363370e+03	1.246244e+01	1.247639e+03	4.488663e-14	7.464385e-28	7.289161e+05
3.373380e+03	1.248779e+01	1.247687e+03	4.444134e-14	7.419867e-28	7.260149e+05
3.383390e+03	1.251312e+01	1.247735e+03	4.400178e-14	7.375746e-28	7.231340e+05
3.393400e+03	1.253842e+01	1.247782e+03	4.356785e-14	7.332018e-28	7.202730e+05
3.403410e+03	1.256370e+01	1.247829e+03	4.313947e-14	7.288677e-28	7.174318e+05
3.413420e+03	1.258895e+01	1.247875e+03	4.271656e-14	7.245721e-28	7.146102e+05
3.423430e+03	1.261417e+01	1.247922e+03	4.229902e-14	7.203143e-28	7.118079e+05
3.433440e+03	1.263937e+01	1.247968e+03	4.188678e-14	7.160939e-28	7.090249e+05
3.443450e+03	1.266454e+01	1.248013e+03	4.147974e-14	7.119106e-28	7.062608e+05
3.453460e+03	1.268969e+01	1.248059e+03	4.107784e-14	7.077638e-28	7.035156e+05
3.463470e+03	1.271481e+01	1.248104e+03	4.068098e-14	7.036532e-28	7.007890e+05
3.473480e+03	1.273991e+01	1.248149e+03	4.028910e-14	6.995784e-28	6.980809e+05
3.483490e+03	1.276498e+01	1.248193e+03	3.990212e-14	6.955388e-28	6.953910e+05
3.493500e+03	1.279002e+01	1.248237e+03	3.951995e-14	6.915342e-28	6.927193e+05
3.503510e+03	1.281504e+01	1.248281e+03	3.914253e-14	6.875641e-28	6.900654e+05
3.513520e+03	1.284004e+01	1.248325e+03	3.876979e-14	6.836281e-28	6.874294e+05
3.523530e+03	1.286501e+01	1.248368e+03	3.840165e-14	6.797258e-28	6.848109e+05
3.533540e+03	1.288996e+01	1.248411e+03	3.803804e-14	6.758569e-28	6.822098e+05
3.543550e+03	1.291488e+01	1.248453e+03	3.767890e-14	6.720209e-28	6.796260e+05
3.553560e+03	1.293977e+01	1.248496e+03	3.732416e-14	6.682175e-28	6.770593e+05
3.563570e+03	1.296464e+01	1.248538e+03	3.697375e-14	6.644463e-28	6.745095e+05
3.573580e+03	1.298949e+01	1.248580e+03	3.662760e-14	6.607070e-28	6.719765e+05
3.583590e+03	1.301431e+01	1.248621e+03	3.628566e-14	6.569992e-28	6.694601e+05
3.593600e+03	1.303911e+01	1.248663e+03	3.594786e-14	6.533226e-28	6.669602e+05
3.603610e+03	1.306389e+01	1.248704e+03	3.561414e-14	6.496767e-28	6.644766e+05
3.613620e+03	1.308864e+01	1.248744e+03	3.528443e-14	6.460613e-28	6.620091e+05
3.623630e+03	1.311337e+01	1.248785e+03	3.495869e-14	6.424760e-28	6.595576e+05
3.633640e+03	1.313807e+01	1.248825e+03	3.463684e-14	6.389205e-28	6.571220e+05
3.643650e+03	1.316275e+01	1.248865e+03	3.431884e-14	6.353944e-28	6.547021e+05
3.653660e+03	1.318740e+01	1.248905e+03	3.400463e-14	6.318975e-28	6.522978e+05
3.663670e+03	1.321204e+01	1.248944e+03	3.369415e-14	6.284294e-28	6.499089e+05
3.673680e+03	1.323664e+01	1.248984e+03	3.338734e-14	6.249898e-28	6.475353e+05
3.683690e+03	1.326123e+01	1.249022e+03	3.308416e-14	6.215783e-28	6.451768e+05
3.693700e+03	1.328579e+01	1.249061e+03	3.278455e-14	6.181948e-28	6.428333e+05
3.703710e+03	1.331033e+01	1.249100e+03	3.248845e-14	6.148388e-28	6.405047e+05
3.713720e+03	1.333484e+01	1.249138e+03	3.219583e-14	6.115101e-28	6.381908e+05
3.723730e+03	1.335934e+01	1.249176e+03	3.190663e-14	6.082083e-28	6.358915e+05
3.733740e+03	1.338381e+01	1.249214e+03	3.162079e-14	6.049332e-28	6.336067e+05
3.743750e+03	1.340825e+01	1.249251e+03	3.133828e-14	6.016846e-28	6.313363e+05
3.753760e+03	1.343268e+01	1.249288e+03	3.105904e-14	5.984620e-28	6.290800e+05
3.763770e+03	1.345708e+01	1.249325e+03	3.078302e-14	5.952653e-28	6.268379e+05
3.773780e+03	1.348146e+01	1.249362e+03	3.051019e-14	5.920942e-28	6.246096e+05
3.783790e+03	1.350581e+01	1.249399e+03	3.024050e-14	5.889483e-28	6.223953e+05
3.793800e+03	1.353015e+01	1.249435e+03	2.997390e-14	5.858275e-28	6.201946e+05
3.803810e+03	1.355446e+01	1.249471e+03	2.971035e-14	5.827314e-28	6.180076e+05
3.813820e+03	1.357875e+01	1.249507e+03	2.944980e-14	5.796599e-28	6.158340e+05
3.823830e+03	1.360302e+01	1.249543e+03	2.919222e-14	5.766125e-28	6.136737e+05
3.833840e+03	1.362726e+01	1.249578e+03	2.893756e-14	5.735892e-28	6.115267e+05
3.843850e+03	1.365148e+01	1.249613e+03	2.868578e-14	5.705895e-28	6.093928e+05
3.853860e+03	1.367568e+01	1.249648e+03	2.843684e-14	5.676134e-28	6.072720e+05
3.863870e+03	1.369986e+01	1.249683e+03	2.819071e-14	5.646605e-28	6.051640e+05
3.873880e+03	1.372402e+01	1.249718e+03	2.794733e-14	5.617306e-28	6.030688e+05
3.883890e+03	1.374816e+01	1.249752e+03	2.770669e-14	5.588234e-28	6.009863e+05
3.893900e+03	1.377227e+01	1.249786e+03	2.746873e-14	5.559388e-28	5.989163e+05
3.903910e+03	1.379636e+01	1.249820e+03	2.723342e-14	5.530765e-28	5.968588e+05
3.913920e+03	1.382043e+01	1.249854e+03	2.700073e-14	5.502362e-28	5.948136e+05
3.923930e+03	1.384448e+01	1.249887e+03	2.677062e-14	5.474178e-28	5.927807e+05
3.933940e+03	1.386851e+01	1.249921e+03	2.654305e-14	5.446210e-28	5.907599e+05
3.943950e+03	1.389252e+01	1.249954e+03	2.631799e-14	5.418455e-28	5.887512e+05
3.953960e+03	1.391650e+01	1.249987e+03	2.609541e-14	5.390913e-28	5.867544e+05
3.963970e+03	1.394047e+01	1.250020e+03	2.587527e-14	5.363580e-28	5.847694e+05
3.973980e+03	1.396441e+01	1.250052e+03	2.565754e-14	5.336454e-28	5.827962e+05
3.983990e+03	1.398834e+01	1.250084e+03	2.544218e-14	5.309534e-28	5.808345e+05
3.994000e+03	1.401224e+01	1.250117e+03	2.522917e-14	5.282818e-28	5.788845e+05
4.004010e+03	1.403612e+01	1.250149e+03	2.501847e-14	5.256302e-28	5.769458e+05
4.014020e+03	1.405998e+01	1.250180e+03	2.481006e-14	5.229986e-28	5.750185e+05
4.024030e+03	1.408382e+01	1.250212e+03	2.460390e-14	5.203867e-28	5.731025e+05
4.034040e+03	1.410764e+01	1.250243e+03	2.439996e-14	5.177943e-28	5.711975e+05
4.044050e+03	1.413144e+01	1.250275e+03	2.419821e-14	5.152213e-28	5.693037e+05
4.054060e+03	1.415522e+01	1.250306e+03	2.399863e-14	5.126674e-28	5.674208e+05
4.064070e+03	1.417897e+01	1.250337e+03	2.380118e-14	5.101325e-28	5.655488e+05
4.074080e+03	1.420271e+01	1.250367e+03	2.360584e-14	5.076163e-28	5.636876e+05
4.084090e+03	1.422643e+01	1.250398e+03	2.341258e-14	5.051187e-28	5.618371e+05
4.094100e+03	1.425013e+01	1.250428e+03	2.322138e-14	5.026395e-28	5.599972e+05
4.104110e+03	1.427380e+01	1.250458e+03	2.303220e-14	5.001785e-28	5.581679e+05
4.114120e+03	1.429746e+01	1.250488e+03	2.284502e-14	4.977356e-28	5.563490e+05
4.124130e+03	1.432110e+01	1.250518e+03	2.265981e-14	4.953105e-28	5.545404e+05
4.134140e+03	1.434472e+01	1.250548e+03	2.247655e-14	4.929031e-28	5.527421e+05
4.144150e+03	1.436831e+01	1.250577e+03	2.229521e-14	4.905133e-28	5.509540e+05
4.154160e+03	1.439189e+01	1.250607e+03	2.211577e-14	4.881408e-28	5.491760e+05
4.164170e+03	1.441545e+01	1.250636e+03	2.193821e-14	4.857854e-28	5.474080e+05
4.174180e+03	1.443899e+01	1.250665e+03	2.176249e-14	4.834471e-28	5.456500e+05
4.184190e+03	1.446251e+01	1.250694e+03	2.158860e-14	4.811257e-28	5.439018e+05
4.194200e+03	1.448601e+01	1.250722e+03	2.141651e-14	4.788209e-28	5.421634e+05
4.204210e+03	1.450949e+01	1.250751e+03	2.124621e-14	4.765327e-28	5.404347e+05
4.214220e+03	1.453295e+01	1.250779e+03	2.107766e-14	4.742608e-28	5.387157e+05
4.224230e+03	1.455639e+01	1.250807e+03	2.091084e-14	4.720051e-28	5.370062e+05
4.234240e+03	1.457981e+01	1.250835e+03	2.074574e-14	4.697656e-28	5.353062e+05
4.244250e+03	1.460322e+01	1.250863e+03	2.058233e-14	4.675419e-28	5.336156e+05
4.254260e+03	1.462660e+01	1.250891e+03	2.042059e-14	4.653340e-28	5.319343e+05
4.264270e+03	1.464996e+01	1.250919e+03	2.026049e-14	4.631417e-28	5.302622e+05
4.274280e+03	1.467331e+01	1.250946e+03	2.010203e-14	4.609648e-28	5.285994e+05
4.284290e+03	1.469664e+01	1.250973e+03	1.994517e-14	4.588033e-28	5.269457e+05
4.294300e+03	1.471995e+01	1.251000e+03	1.978991e-14	4.566570e-28	5.253010e+05
4.304310e+03	1.474324e+01	1.251027e+03	1.963621e-14	4.545256e-28	5.236652e+05
4.314320e+03	1.476651e+01	1.251054e+03	1.948406e-14	4.524092e-28	5.220384e+05
4.324330e+03	1.478976e+01	1.251081e+03	1.933344e-14	4.503076e-28	5.204204e+05
4.334340e+03	1.481299e+01	1.251107e+03	1.918433e-14	4.482205e-28	5.188112e+05
4.344350e+03	1.483621e+01	1.251134e+03	1.903671e-14	4.461480e-28	5.172106e+05
4.354360e+03	1.485940e+01	1.251160e+03	1.889056e-14	4.440898e-28	5.156187e+05
4.364370e+03	1.488258e+01	1.251186e+03	1.874587e-14	4.420458e-28	5.140353e+05
4.374380e+03	1.490574e+01	1.251212e+03	1.860262e-14	4.400159e-28	5.124605e+05
4.384390e+03	1.492888e+01	1.251238e+03	1.846079e-14	4.379999e-28	5.108940e+05
4.394400e+03	1.495201e+01	1.251264e+03	1.832037e-14	4.359978e-28	5.093360e+05
4.404410e+03	1.497511e+01	1.251289e+03	1.818132e-14	4.340094e-28	5.077862e+05
4.414420e+03	1.499820e+01	1.251314e+03	1.804365e-14	4.320346e-28	5.062447e+05
4.424430e+03	1.502127e+01	1.251340e+03	1.790733e-14	4.300732e-28	5.047113e+05
4.434440e+03	1.504432e+01	1.251365e+03	1.777235e-14	4.281251e-28	5.031861e+05
4.444450e+03	1.506735e+01	1.251390e+03	1.763869e-14	4.261903e-28	5.016689e+05
4.454460e+03	1.509037e+01	1.251415e+03	1.750633e-14	4.242686e-28	5.001597e+05
4.464470e+03	1.511336e+01	1.251440e+03	1.737526e-14	4.223598e-28	4.986585e+05
4.474480e+03	1.513634e+01	1.251464e+03	1.724546e-14	4.204639e-28	4.971651e+05
4.484490e+03	1.515931e+01	1.251489e+03	1.711692e-14	4.185807e-28	4.956795e+05
4.494500e+03	1.518225e+01	1.251513e+03	1.698963e-14	4.167102e-28	4.942017e+05
4.504510e+03	1.520518e+01	1.251537e+03	1.686356e-14	4.148522e-28	4.927316e+05
4.514520e+03	1.522808e+01	1.251561e+03	1.673871e-14	4.130066e-28	4.912691e+05
4.524530e+03	1.525098e+01	1.251585e+03	1.661505e-14	4.111733e-28	4.898142e+05
4.534540e+03	1.527385e+01	1.251609e+03	1.649259e-14	4.093521e-28	4.883669e+05
4.544550e+03	1.529671e+01	1.251633e+03	1.637129e-14	4.075431e-28	4.869270e+05
4.554560e+03	1.531955e+01	1.251656e+03	1.625115e-14	4.057460e-28	4.854945e+05
4.564570e+03	1.534237e+01	1.251680e+03	1.613215e-14	4.039608e-28	4.840694e+05
4.574580e+03	1.536517e+01	1.251703e+03	1.601429e-14	4.021874e-28	4.826516e+05
4.584590e+03	1.538796e+01	1.251727e+03	1.589754e-14	4.004256e-28	4.812411e+05
4.594600e+03	1.541073e+01	1.251750e+03	1.578190e-14	3.986753e-28	4.798377e+05
4.604610e+03	1.543348e+01	1.251773e+03	1.566735e-14	3.969366e-28	4.784415e+05
4.614620e+03	1.545622e+01	1.251796e+03	1.555387e-14	3.952091e-28	4.770525e+05
4.624630e+03	1.547894e+01	1.251818e+03	1.544147e-14	3.934930e-28	4.756704e+05
4.634640e+03	1.550164e+01	1.251841e+03	1.533012e-14	3.917880e-28	4.742954e+05
4.644650e+03	1.552432e+01	1.251864e+03	1.521981e-14	3.900940e-28	4.729273e+05
4.654660e+03	1.554699e+01	1.251886e+03	1.511053e-14	3.884111e-28	4.715661e+05
4.664670e+03	1.556964e+01	1.251908e+03	1.500226e-14	3.867390e-28	4.702117e+05
4.674680e+03	1.559228e+01	1.251930e+03	1.489501e-14	3.850776e-28	4.688641e+05
4.684690e+03	1.561490e+01	1.251953e+03	1.478875e-14	3.834270e-28	4.675233e+05
4.694700e+03	1.563750e+01	1.251975e+03	1.468347e-14	3.817870e-28	4.661892e+05
4.704710e+03	1.566008e+01	1.251996e+03	1.457917e-14	3.801574e-28	4.648617e+05
4.714720e+03	1.568265e+01	1.252018e+03	1.447583e-14	3.785383e-28	4.635409e+05
4.724730e+03	1.570520e+01	1.252040e+03	1.437343e-14	3.769295e-28	4.622266e+05
4.734740e+03	1.572774e+01	1.252061e+03	1.427198e-14	3.753310e-28	4.609188e+05
4.744750e+03	1.575026e+01	1.252083e+03	1.417146e-14	3.737426e-28	4.596175e+05
4.754760e+03	1.577276e+01	1.252104e+03	1.407185e-14	3.721642e-28	4.583226e+05
4.764770e+03	1.579525e+01	1.252125e+03	1.397316e-14	3.705959e-28	4.570340e+05
4.774780e+03	1.581772e+01	1.252146e+03	1.387536e-14	3.690374e-28	4.557518e+05
4.784790e+03	1.584017e+01	1.252167e+03	1.377845e-14	3.674888e-28	4.544759e+05
4.794800e+03	1.586261e+01	1.252188e+03	1.368242e-14	3.659499e-28	4.532062e+05
4.804810e+03	1.588503e+01	1.252209e+03	1.358726e-14	3.644206e-28	4.519428e+05
4.814820e+03	1.590744e+01	1.252230e+03	1.349296e-14	3.629009e-28	4.506855e+05
4.824830e+03	1.592983e+01	1.252251e+03	1.339950e-14	3.613907e-28	4.494342e+05
4.834840e+03	1.595220e+01	1.252271e+03	1.330689e-14	3.598900e-28	4.481891e+05
4.844850e+03	1.597456e+01	1.252291e+03	1.321510e-14	3.583985e-28	4.469500e+05
4.854860e+03	1.599690e+01	1.252312e+03	1.312414e-14	3.569163e-28	4.457169e+05
4.864870e+03	1.601922e+01	1.252332e+03	1.303399e-14	3.554433e-28	4.444897e+05
4.874880e+03	1.604153e+01	1.252352e+03	1.294465e-14	3.539794e-28	4.432684e+05
4.884890e+03	1.606383e+01	1.252372e+03	1.285610e-14	3.525245e-28	4.420530e+05
4.894900e+03	1.608611e+01	1.252392e+03	1.276833e-14	3.510786e-28	4.408434e+05
4.904910e+03	1.610837e+01	1.252412e+03	1.268135e-14	3.496415e-28	4.396396e+05
4.914920e+03	1.613062e+01	1.252432e+03	1.259513e-14	3.482133e-28	4.384416e+05
4.924930e+03	1.615285e+01	1.252451e+03	1.250967e-14	3.467938e-28	4.372492e+05
4.934940e+03	1.617507e+01	1.252471e+03	1.242497e-14	3.453830e-28	4.360625e+05
4.944950e+03	1.619727e+01	1.252490e+03	1.234100e-14	3.439807e-28	4.348815e+05
4.954960e+03	1.621945e+01	1.252510e+03	1.225778e-14	3.425870e-28	4.337060e+05
4.964970e+03	1.624162e+01	1.252529e+03	1.217528e-14	3.412018e-28	4.325361e+05
4.974980e+03	1.626378e+01	1.252548e+03	1.209351e-14	3.398249e-28	4.313717e+05
4.984990e+03	1.628592e+01	1.252567e+03	1.201245e-14	3.384564e-28	4.302128e+05
4.995000e+03	1.630804e+01	1.252586e+03	1.193209e-14	3.370961e-28	4.290593e+05
5.005010e+03	1.633015e+01	1.252605e+03	1.185243e-14	3.357440e-28	4.279112e+05
5.015020e+03	1.635224e+01	1.252624e+03	1.177346e-14	3.344000e-28	4.267685e+05
5.025030e+03	1.637432e+01	1.252642e+03	1.169517e-14	3.330641e-28	4.256311e+05
5.035040e+03	1.639639e+01	1.252661e+03	1.161756e-14	3.317362e-28	4.244990e+05
5.045050e+03	1.641843e+01	1.252680e+03	1.154062e-14	3.304162e-28	4.233722e+05
5.055060e+03	1.644047e+01	1.252698e+03	1.146434e-14	3.291040e-28	4.222506e+05
5.065070e+03	1.646249e+01	1.252717e+03	1.138871e-14	3.277997e-28	4.211342e+05
5.075080e+03	1.648449e+01	1.252735e+03	1.131373e-14	3.265031e-28	4.200230e+05
5.085090e+03	1.650648e+01	1.252753e+03	1.123939e-14	3.252142e-28	4.189168e+05
5.095100e+03	1.652845e+01	1.252771e+03	1.116569e-14	3.239329e-28	4.178158e+05
5.105110e+03	1.655041e+01	1.252789e+03	1.109261e-14	3.226592e-28	4.167199e+05
5.115120e+03	1.657236e+01	1.252807e+03	1.102015e-14	3.213930e-28	4.156289e+05
5.125130e+03	1.659429e+01	1.252825e+03	1.094831e-14	3.201342e-28	4.145429e+05
5.135140e+03	1.661620e+01	1.252843e+03	1.087707e-14	3.188828e-28	4.134619e+05
5.145150e+03	1.663810e+01	1.252861e+03	1.080644e-14	3.176387e-28	4.123859e+05
5.155160e+03	1.665999e+01	1.252878e+03	1.073640e-14	3.164019e-28	4.113147e+05
5.165170e+03	1.668186e+01	1.252896e+03	1.066695e-14	3.151723e-28	4.102484e+05
5.175180e+03	1.670371e+01	1.252913e+03	1.059809e-14	3.139499e-28	4.091869e+05
5.185190e+03	1.672555e+01	1.252931e+03	1.052980e-14	3.127346e-28	4.081302e+05
5.195200e+03	1.674738e+01	1.252948e+03	1.046208e-14	3.115263e-28	4.070783e+05
5.205210e+03	1.676920e+01	1.252965e+03	1.039493e-14	3.103250e-28	4.060311e+05
5.215220e+03	1.679099e+01	1.252982e+03	1.032834e-14	3.091306e-28	4.049887e+05
5.225230e+03	1.681278e+01	1.252999e+03	1.026230e-14	3.079432e-28	4.039509e+05
5.235240e+03	1.683455e+01	1.253016e+03	1.019681e-14	3.067625e-28	4.029177e+05
5.245250e+03	1.685630e+01	1.253033e+03	1.013186e-14	3.055887e-28	4.018892e+05
5.255260e+03	1.687805e+01	1.253050e+03	1.006745e-14	3.044215e-28	4.008652e+05
5.265270e+03	1.689977e+01	1.253067e+03	1.000356e-14	3.032611e-28	3.998459e+05
5.275280e+03	1.692149e+01	1.253084e+03	9.940210e-15	3.021073e-28	3.988310e+05
5.285290e+03	1.694318e+01	1.253100e+03	9.877377e-15	3.009600e-28	3.978207e+05
5.295300e+03	1.696487e+01	1.253117e+03	9.815058e-15	2.998193e-28	3.968148e+05
5.305310e+03	1.698654e+01	1.253133e+03	9.753251e-15	2.986850e-28	3.958134e+05
5.315320e+03	1.700820e+01	1.253150e+03	9.691948e-15	2.975572e-28	3.948163e+05
5.325330e+03	1.702984e+01	1.253166e+03	9.631145e-15	2.964358e-28	3.938237e+05
5.335340e+03	1.705147e+01	1.253182e+03	9.570838e-15	2.953206e-28	3.928355e+05
5.345350e+03	1.707308e+01	1.253199e+03	9.511020e-15	2.942118e-28	3.918515e+05
5.355360e+03	1.709469e+01	1.253215e+03	9.451688e-15	2.931092e-28	3.908719e+05
5.365370e+03	1.711627e+01	1.253231e+03	9.392837e-15	2.920128e-28	3.898966e+05
5.375380e+03	1.713785e+01	1.253247e+03	9.334461e-15	2.909225e-28	3.889255e+05
5.385390e+03	1.715941e+01	1.253263e+03	9.276556e-15	2.898384e-28	3.879586e+05
5.395400e+03	1.718095e+01	1.253278e+03	9.219117e-15	2.887602e-28	3.869960e+05
5.405410e+03	1.720249e+01	1.253294e+03	9.162139e-15	2.876881e-28	3.860375e+05
5.415420e+03	1.722400e+01	1.253310e+03	9.105619e-15	2.866220e-28	3.850831e+05
5.425430e+03	1.724551e+01	1.253326e+03	9.049551e-15	2.855618e-28	3.841329e+05
5.435440e+03	1.726700e+01	1.253341e+03	8.993932e-15	2.845074e-28	3.831868e+05
5.445450e+03	1.728848e+01	1.253357e+03	8.938756e-15	2.834589e-28	3.822448e+05
5.455460e+03	1.730994e+01	1.253372e+03	8.884019e-15	2.824161e-28	3.813068e+05
5.465470e+03	1.733139e+01	1.253387e+03	8.829717e-15	2.813791e-28	3.803728e+05
5.475480e+03	1.735283e+01	1.253403e+03	8.775847e-15	2.803479e-28	3.794428e+05
5.485490e+03	1.737426e+01	1.253418e+03	8.722403e-15	2.793222e-28	3.785168e+05
5.495500e+03	1.739567e+01	1.253433e+03	8.669381e-15	2.783022e-28	3.775947e+05
5.505510e+03	1.741706e+01	1.253448e+03	8.616778e-15	2.772878e-28	3.766766e+05
5.515520e+03	1.743845e+01	1.253463e+03	8.564588e-15	2.762789e-28	3.757624e+05
5.525530e+03	1.745982e+01	1.253478e+03	8.512810e-15	2.752755e-28	3.748520e+05
5.535540e+03	1.748118e+01	1.253493e+03	8.461437e-15	2.742776e-28	3.739455e+05
5.545550e+03	1.750252e+01	1.253508e+03	8.410467e-15	2.732851e-28	3.730429e+05
5.555560e+03	1.752385e+01	1.253523e+03	8.359896e-15	2.722979e-28	3.721440e+05
5.565570e+03	1.754517e+01	1.253538e+03	8.309719e-15	2.713161e-28	3.712490e+05
5.575580e+03	1.756648e+01	1.253552e+03	8.259933e-15	2.703396e-28	3.703576e+05
5.585590e+03	1.758777e+01	1.253567e+03	8.210534e-15	2.693684e-28	3.694701e+05
5.595600e+03	1.760905e+01	1.253581e+03	8.161519e-15	2.684024e-28	3.685862e+05
5.605610e+03	1.763031e+01	1.253596e+03	8.112883e-15	2.674416e-28	3.677061e+05
5.615620e+03	1.765157e+01	1.253610e+03	8.064624e-15	2.664859e-28	3.668296e+05
5.625630e+03	1.767281e+01	1.253625e+03	8.016738e-15	2.655354e-28	3.659568e+05
5.635640e+03	1.769403e+01	1.253639e+03	7.969220e-15	2.645899e-28	3.650876e+05
5.645650e+03	1.771525e+01	1.253653e+03	7.922068e-15	2.636495e-28	3.642220e+05
5.655660e+03	1.773645e+01	1.253667e+03	7.875278e-15	2.627141e-28	3.633600e+05
5.665670e+03	1.775764e+01	1.253681e+03	7.828847e-15	2.617836e-28	3.625015e+05
5.675680e+03	1.777881e+01	1.253696e+03	7.782771e-15	2.608581e-28	3.616466e+05
5.685690e+03	1.779998e+01	1.253710e+03	7.737048e-15	2.599375e-28	3.607952e+05
5.695700e+03	1.782113e+01	1.253723e+03	7.691672e-15	2.590218e-28	3.599474e+05
5.705710e+03	1.784226e+01	1.253737e+03	7.646643e-15	2.581109e-28	3.591030e+05
5.715720e+03	1.786339e+01	1.253751e+03	7.601955e-15	2.572048e-28	3.582621e+05
5.725730e+03	1.788450e+01	1.253765e+03	7.557607e-15	2.563034e-28	3.574246e+05
5.735740e+03	1.790560e+01	1.253779e+03	7.513594e-15	2.554068e-28	3.565905e+05
5.745750e+03	1.792669e+01	1.253792e+03	7.469914e-15	2.545149e-28	3.557599e+05
5.755760e+03	1.794776e+01	1.253806e+03	7.426564e-15	2.536276e-28	3.549326e+05
5.765770e+03	1.796882e+01	1.253820e+03	7.383540e-15	2.527450e-28	3.541087e+05
5.775780e+03	1.798987e+01	1.253833e+03	7.340840e-15	2.518670e-28	3.532881e+05
5.785790e+03	1.801091e+01	1.253846e+03	7.298460e-15	2.509936e-28	3.524708e+05
5.795800e+03	1.803193e+01	1.253860e+03	7.256398e-15	2.501246e-28	3.516569e+05
5.805810e+03	1.805295e+01	1.253873e+03	7.214651e-15	2.492602e-28	3.508462e+05
5.815820e+03	1.807395e+01	1.253886e+03	7.173215e-15	2.484003e-28	3.500388e+05
5.825830e+03	1.809493e+01	1.253900e+03	7.132088e-15	2.475448e-28	3.492347e+05
5.835840e+03	1.811591e+01	1.253913e+03	7.091268e-15	2.466938e-28	3.484338e+05
5.845850e+03	1.813687e+01	1.253926e+03	7.050750e-15	2.458471e-28	3.476361e+05
5.855860e+03	1.815782e+01	1.253939e+03	7.010533e-15	2.450047e-28	3.468416e+05
5.865870e+03	1.817876e+01	1.253952e+03	6.970614e-15	2.441667e-28	3.460502e+05
5.875880e+03	1.819969e+01	1.253965e+03	6.930990e-15	2.433330e-28	3.452620e+05
5.885890e+03	1.822060e+01	1.253978e+03	6.891659e-15	2.425035e-28	3.444770e+05
5.895900e+03	1.824150e+01	1.253991e+03	6.852617e-15	2.416783e-28	3.436951e+05
5.905910e+03	1.826239e+01	1.254004e+03	6.813862e-15	2.408573e-28	3.429162e+05
5.915920e+03	1.828327e+01	1.254016e+03	6.775392e-15	2.400405e-28	3.421405e+05
5.925930e+03	1.830414e+01	1.254029e+03	6.737203e-15	2.392278e-28	3.413678e+05
5.935940e+03	1.832499e+01	1.254042e+03	6.699294e-15	2.384192e-28	3.405982e+05
5.945950e+03	1.834583e+01	1.254054e+03	6.661662e-15	2.376148e-28	3.398316e+05
5.955960e+03	1.836666e+01	1.254067e+03	6.624305e-15	2.368143e-28	3.390680e+05
5.965970e+03	1.838748e+01	1.254079e+03	6.587219e-15	2.360180e-28	3.383074e+05
5.975980e+03	1.840828e+01	1.254092e+03	6.550403e-15	2.352256e-28	3.375498e+05
5.985990e+03	1.842908e+01	1.254104e+03	6.513854e-15	2.344373e-28	3.367952e+05
5.996000e+03	1.844986e+01	1.254117e+03	6.477570e-15	2.336528e-28	3.360435e+05
6.006010e+03	1.847063e+01	1.254129e+03	6.441548e-15	2.328724e-28	3.352948e+05
6.016020e+03	1.849139e+01	1.254141e+03	6.405786e-15	2.320958e-28	3.345489e+05
6.026030e+03	1.851213e+01	1.254153e+03	6.370282e-15	2.313231e-28	3.338060e+05
6.036040e+03	1.853287e+01	1.254166e+03	6.335033e-15	2.305543e-28	3.330660e+05
6.046050e+03	1.855359e+01	1.254178e+03	6.300038e-15	2.297892e-28	3.323288e+05
6.056060e+03	1.857430e+01	1.254190e+03	6.265293e-15	2.290280e-28	3.315944e+05
6.066070e+03	1.859500e+01	1.254202e+03	6.230797e-15	2.282706e-28	3.308630e+05
6.076080e+03	1.861569e+01	1.254214e+03	6.196548e-15	2.275169e-28	3.301343e+05
6.086090e+03	1.863637e+01	1.254226e+03	6.162543e-15	2.267670e-28	3.294084e+05
6.096100e+03	1.865703e+01	1.254238e+03	6.128780e-15	2.260207e-28	3.286853e+05
6.106110e+03	1.867769e+01	1.254250e+03	6.095258e-15	2.252782e-28	3.279650e+05
6.116120e+03	1.869833e+01	1.254261e+03	6.061974e-15	2.245392e-28	3.272475e+05
6.126130e+03	1.871896e+01	1.254273e+03	6.028925e-15	2.238040e-28	3.265327e+05
6.136140e+03	1.873958e+01	1.254285e+03	5.996110e-15	2.230723e-28	3.258206e+05
6.146150e+03	1.876018e+01	1.254296e+03	5.963528e-15	2.223442e-28	3.251112e+05
6.156160e+03	1.878078e+01	1.254308e+03	5.931175e-15	2.216196e-28	3.244046e+05
6.166170e+03	1.880136e+01	1.254320e+03	5.899050e-15	2.208986e-28	3.237006e+05
6.176180e+03	1.882194e+01	1.254331e+03	5.867151e-15	2.201812e-28	3.229993e+05
6.186190e+03	1.884250e+01	1.254343e+03	5.835475e-15	2.194672e-28	3.223007e+05
6.196200e+03	1.886305e+01	1.254354e+03	5.804022e-15	2.187566e-28	3.216047e+05
6.206210e+03	1.888359e+01	1.254366e+03	5.772789e-15	2.180496e-28	3.209113e+05
6.216220e+03	1.890412e+01	1.254377e+03	5.741774e-15	2.173459e-28	3.202205e+05
6.226230e+03	1.892463e+01	1.254388e+03	5.710975e-15	2.166457e-28	3.195323e+05
6.236240e+03	1.894514e+01	1.254399e+03	5.680391e-15	2.159488e-28	3.188468e+05
6.246250e+03	1.896563e+01	1.254411e+03	5.650020e-15	2.152553e-28	3.181637e+05
6.256260e+03	1.898611e+01	1.254422e+03	5.619859e-15	2.145651e-28	3.174833e+05
6.266270e+03	1.900658e+01	1.254433e+03	5.589907e-15	2.138782e-28	3.168054e+05
6.276280e+03	1.902705e+01	1.254444e+03	5.560163e-15	2.131947e-28	3.161300e+05
6.286290e+03	1.904749e+01	1.254455e+03	5.530624e-15	2.125144e-28	3.154571e+05
6.296300e+03	1.906793e+01	1.254466e+03	5.501289e-15	2.118373e-28	3.147868e+05
6.306310e+03	1.908836e+01	1.254477e+03	5.472155e-15	2.111635e-28	3.141189e+05
6.316320e+03	1.910878e+01	1.254488e+03	5.443222e-15	2.104929e-28	3.134535e+05
6.326330e+03	1.912918e+01	1.254499e+03	5.414488e-15	2.098255e-28	3.127906e+05
6.336340e+03	1.914958e+01	1.254510e+03	5.385950e-15	2.091613e-28	3.121301e+05
6.346350e+03	1.916996e+01	1.254521e+03	5.357608e-15	2.085002e-28	3.114721e+05
6.356360e+03	1.919033e+01	1.254531e+03	5.329460e-15	2.078422e-28	3.108164e+05
6.366370e+03	1.921069e+01	1.254542e+03	5.301503e-15	2.071874e-28	3.101632e+05
6.376380e+03	1.923104e+01	1.254553e+03	5.273737e-15	2.065356e-28	3.095124e+05
6.386390e+03	1.925138e+01	1.254564e+03	5.246160e-15	2.058869e-28	3.088640e+05
6.396400e+03	1.927171e+01	1.254574e+03	5.218769e-15	2.052413e-28	3.082180e+05
6.406410e+03	1.929203e+01	1.254585e+03	5.191565e-15	2.045987e-28	3.075743e+05
6.416420e+03	1.931234e+01	1.254595e+03	5.164545e-15	2.039591e-28	3.069329e+05
6.426430e+03	1.933263e+01	1.254606e+03	5.137707e-15	2.033225e-28	3.062940e+05
6.436440e+03	1.935292e+01	1.254616e+03	5.111050e-15	2.026889e-28	3.056573e+05
6.446450e+03	1.937319e+01	1.254627e+03	5.084573e-15	2.020582e-28	3.050229e+05
6.456460e+03	1.939346e+01	1.254637e+03	5.058274e-15	2.014305e-28	3.043909e+05
6.466470e+03	1.941371e+01	1.254647e+03	5.032151e-15	2.008057e-28	3.037611e+05
6.476480e+03	1.943395e+01	1.254658e+03	5.006204e-15	2.001838e-28	3.031336e+05
6.486490e+03	1.945418e+01	1.254668e+03	4.980430e-15	1.995648e-28	3.025084e+05
6.496500e+03	1.947441e+01	1.254678e+03	4.954828e-15	1.989487e-28	3.018854e+05
6.506510e+03	1.949462e+01	1.254688e+03	4.929398e-15	1.983354e-28	3.012647e+05
6.516520e+03	1.951482e+01	1.254699e+03	4.904137e-15	1.977249e-28	3.006462e+05
6.526530e+03	1.953501e+01	1.254709e+03	4.879044e-15	1.971173e-28	3.000299e+05
6.536540e+03	1.955518e+01	1.254719e+03	4.854117e-15	1.965124e-28	2.994159e+05
6.546550e+03	1.957535e+01	1.254729e+03	4.829356e-15	1.959103e-28	2.988040e+05
6.556560e+03	1.959551e+01	1.254739e+03	4.804759e-15	1.953110e-28	2.981943e+05
6.566570e+03	1.961566e+01	1.254749e+03	4.780325e-15	1.947145e-28	2.975868e+05
6.576580e+03	1.963580e+01	1.254759e+03	4.756052e-15	1.941207e-28	2.969815e+05
6.586590e+03	1.965592e+01	1.254769e+03	4.731939e-15	1.935296e-28	2.963783e+05
6.596600e+03	1.967604e+01	1.254779e+03	4.707984e-15	1.929411e-28	2.957772e+05
6.606610e+03	1.969614e+01	1.254789e+03	4.684187e-15	1.923554e-28	2.951783e+05
6.616620e+03	1.971624e+01	1.254798e+03	4.660547e-15	1.917723e-28	2.945815e+05
6.626630e+03	1.973633e+01	1.254808e+03	4.637061e-15	1.911919e-28	2.939868e+05
6.636640e+03	1.975640e+01	1.254818e+03	4.613729e-15	1.906141e-28	2.933942e+05
6.646650e+03	1.977647e+01	1.254828e+03	4.590549e-15	1.900389e-28	2.928037e+05
6.656660e+03	1.979652e+01	1.254837e+03	4.567520e-15	1.894664e-28	2.922153e+05
6.666670e+03	1.981656e+01	1.254847e+03	4.544642e-15	1.888964e-28	2.916289e+05
6.676680e+03	1.983660e+01	1.254856e+03	4.521912e-15	1.883290e-28	2.910446e+05
6.686690e+03	1.985662e+01	1.254866e+03	4.499330e-15	1.877641e-28	2.904623e+05
6.696700e+03	1.987663e+01	1.254876e+03	4.476894e-15	1.872018e-28	2.898821e+05
6.706710e+03	1.989664e+01	1.254885e+03	4.454603e-15	1.866419e-28	2.893039e+05
6.716720e+03	1.991663e+01	1.254895e+03	4.432457e-15	1.860846e-28	2.887277e+05
6.726730e+03	1.993661e+01	1.254904e+03	4.410454e-15	1.855298e-28	2.881536e+05
6.736740e+03	1.995659e+01	1.254913e+03	4.388592e-15	1.849775e-28	2.875814e+05
6.746750e+03	1.997655e+01	1.254923e+03	4.366871e-15	1.844277e-28	2.870112e+05
6.756760e+03	1.999650e+01	1.254932e+03	4.345289e-15	1.838802e-28	2.864430e+05
6.766770e+03	2.001644e+01	1.254941e+03	4.323847e-15	1.833353e-28	2.858767e+05
6.776780e+03	2.003638e+01	1.254951e+03	4.302541e-15	1.827927e-28	2.853124e+05
6.786790e+03	2.005630e+01	1.254960e+03	4.281372e-15	1.822525e-28	2.847501e+05
6.796800e+03	2.007621e+01	1.254969e+03	4.260338e-15	1.817148e-28	2.841897e+05
6.806810e+03	2.009612e+01	1.254978e+03	4.239438e-15	1.811794e-28	2.836312e+05
6.816820e+03	2.011601e+01	1.254987e+03	4.218671e-15	1.806464e-28	2.830746e+05
6.826830e+03	2.013589e+01	1.254997e+03	4.198036e-15	1.801157e-28	2.825200e+05
6.836840e+03	2.015576e+01	1.255006e+03	4.177533e-15	1.795874e-28	2.819672e+05
6.846850e+03	2.017563e+01	1.255015e+03	4.157159e-15	1.790613e-28	2.814164e+05
6.856860e+03	2.019548e+01	1.255024e+03	4.136915e-15	1.785376e-28	2.808674e+05
6.866870e+03	2.021532e+01	1.255033e+03	4.116798e-15	1.780162e-28	2.803203e+05
6.876880e+03	2.023516e+01	1.255042e+03	4.096809e-15	1.774971e-28	2.797750e+05
6.886890e+03	2.025498e+01	1.255051e+03	4.076945e-15	1.769802e-28	2.792316e+05
6.896900e+03	2.027479e+01	1.255060e+03	4.057206e-15	1.764656e-28	2.786901e+05
6.906910e+03	2.029460e+01	1.255068e+03	4.037592e-15	1.759532e-28	2.781504e+05
6.916920e+03	2.031439e+01	1.255077e+03	4.018101e-15	1.754431e-28	2.776125e+05
6.926930e+03	2.033418e+01	1.255086e+03	3.998732e-15	1.749352e-28	2.770764e+05
6.936940e+03	2.035395e+01	1.255095e+03	3.979484e-15	1.744295e-28	2.765422e+05
6.946950e+03	2.037372e+01	1.255104e+03	3.960356e-15	1.739259e-28	2.760097e+05
6.956960e+03	2.039347e+01	1.255112e+03	3.941348e-15	1.734246e-28	2.754791e+05
6.966970e+03	2.041322e+01	1.255121e+03	3.922458e-15	1.729254e-28	2.749502e+05
6.976980e+03	2.043295e+01	1.255130e+03	3.903686e-15	1.724284e-28	2.744231e+05
6.986990e+03	2.045268e+01	1.255138e+03	3.885030e-15	1.719335e-28	2.738977e+05
6.997000e+03	2.047240e+01	1.255147e+03	3.866490e-15	1.714407e-28	2.733742e+05
7.007010e+03	2.049210e+01	1.255155e+03	3.848065e-15	1.709501e-28	2.728523e+05
7.017020e+03	2.051180e+01	1.255164e+03	3.829754e-15	1.704615e-28	2.723322e+05
7.027030e+03	2.053149e+01	1.255173e+03	3.811556e-15	1.699751e-28	2.718139e+05
7.037040e+03	2.055117e+01	1.255181e+03	3.793471e-15	1.694907e-28	2.712973e+05
7.047050e+03	2.057084e+01	1.255189e+03	3.775497e-15	1.690084e-28	2.707823e+05
7.057060e+03	2.059050e+01	1.255198e+03	3.757633e-15	1.685281e-28	2.702691e+05
7.067070e+03	2.061015e+01	1.255206e+03	3.739879e-15	1.680499e-28	2.697576e+05
7.077080e+03	2.062979e+01	1.255215e+03	3.722234e-15	1.675738e-28	2.692478e+05
7.087090e+03	2.064942e+01	1.255223e+03	3.704697e-15	1.670996e-28	2.687397e+05
7.097100e+03	2.066904e+01	1.255231e+03	3.687268e-15	1.666275e-28	2.682332e+05
7.107110e+03	2.068866e+01	1.255240e+03	3.669945e-15	1.661573e-28	2.677284e+05
7.117120e+03	2.070826e+01	1.255248e+03	3.652727e-15	1.656892e-28	2.672253e+05
7.127130e+03	2.072785e+01	1.255256e+03	3.635615e-15	1.652230e-28	2.667238e+05
7.137140e+03	2.074744e+01	1.255264e+03	3.618606e-15	1.647588e-28	2.662240e+05
7.147150e+03	2.076701e+01	1.255273e+03	3.601701e-15	1.642966e-28	2.657258e+05
7.157160e+03	2.078658e+01	1.255281e+03	3.584899e-15	1.638362e-28	2.652293e+05
7.167170e+03	2.080614e+01	1.255289e+03	3.568198e-15	1.633779e-28	2.647343e+05
7.177180e+03	2.082568e+01	1.255297e+03	3.551598e-15	1.629214e-28	2.642410e+05
7.187190e+03	2.084522e+01	1.255305e+03	3.535099e-15	1.624668e-28	2.637493e+05
7.197200e+03	2.086475e+01	1.255313e+03	3.518699e-15	1.620142e-28	2.632592e+05
7.207210e+03	2.088427e+01	1.255321e+03	3.502398e-15	1.615634e-28	2.627707e+05
7.217220e+03	2.090378e+01	1.255329e+03	3.486194e-15	1.611146e-28	2.622837e+05
7.227230e+03	2.092328e+01	1.255337e+03	3.470089e-15	1.606675e-28	2.617984e+05
7.237240e+03	2.094277e+01	1.255345e+03	3.454079e-15	1.602224e-28	2.613146e+05
7.247250e+03	2.096226e+01	1.255353e+03	3.438166e-15	1.597791e-28	2.608323e+05
7.257260e+03	2.098173e+01	1.255361e+03	3.422348e-15	1.593376e-28	2.603517e+05
7.267270e+03	2.100119e+01	1.255369e+03	3.406624e-15	1.588980e-28	2.598725e+05
7.277280e+03	2.102065e+01	1.255377e+03	3.390995e-15	1.584602e-28	2.593950e+05
7.287290e+03	2.104010e+01	1.255384e+03	3.375458e-15	1.580241e-28	2.589189e+05
7.297300e+03	2.105953e+01	1.255392e+03	3.360014e-15	1.575899e-28	2.584444e+05
7.307310e+03	2.107896e+01	1.255400e+03	3.344661e-15	1.571575e-28	2.579714e+05
7.317320e+03	2.109838e+01	1.255408e+03	3.329400e-15	1.567268e-28	2.574999e+05
7.327330e+03	2.111779e+01	1.255415e+03	3.314229e-15	1.562980e-28	2.570299e+05
7.337340e+03	2.113719e+01	1.255423e+03	3.299147e-15	1.558708e-28	2.565614e+05
7.347350e+03	2.115659e+01	1.255431e+03	3.284155e-15	1.554455e-28	2.560945e+05
7.357360e+03	2.117597e+01	1.255438e+03	3.269252e-15	1.550218e-28	2.556290e+05
7.367370e+03	2.119534e+01	1.255446e+03	3.254436e-15	1.545999e-28	2.551649e+05
7.377380e+03	2.121471e+01	1.255454e+03	3.239707e-15	1.541797e-28	2.547024e+05
7.387390e+03	2.123407e+01	1.255461e+03	3.225065e-15	1.537613e-28	2.542413e+05
7.397400e+03	2.125341e+01	1.255469e+03	3.210509e-15	1.533445e-28	2.537817e+05
7.407410e+03	2.127275e+01	1.255476e+03	3.196038e-15	1.529294e-28	2.533235e+05
7.417420e+03	2.129208e+01	1.255484e+03	3.181652e-15	1.525160e-28	2.528668e+05
7.427430e+03	2.131140e+01	1.255491e+03	3.167350e-15	1.521043e-28	2.524115e+05
7.437440e+03	2.133072e+01	1.255499e+03	3.153131e-15	1.516942e-28	2.519576e+05
7.447450e+03	2.135002e+01	1.255506e+03	3.138995e-15	1.512858e-28	2.515052e+05
7.457460e+03	2.136931e+01	1.255514e+03	3.124942e-15	1.508791e-28	2.510542e+05
7.467470e+03	2.138860e+01	1.255521e+03	3.110970e-15	1.504740e-28	2.506046e+05
7.477480e+03	2.140788e+01	1.255528e+03	3.097079e-15	1.500705e-28	2.501564e+05
7.487490e+03	2.142714e+01	1.255536e+03	3.083269e-15	1.496686e-28	2.497096e+05
7.497500e+03	2.144640e+01	1.255543e+03	3.069539e-15	1.492684e-28	2.492642e+05
7.507510e+03	2.146566e+01	1.255550e+03	3.055888e-15	1.488697e-28	2.488202e+05
7.517520e+03	2.148490e+01	1.255558e+03	3.042316e-15	1.484727e-28	2.483776e+05
7.527530e+03	2.150413e+01	1.255565e+03	3.028823e-15	1.480772e-28	2.479364e+05
7.537540e+03	2.152336e+01	1.255572e+03	3.015407e-15	1.476833e-28	2.474965e+05
7.547550e+03	2.154257e+01	1.255579e+03	3.002068e-15	1.472910e-28	2.470580e+05
7.557560e+03	2.156178e+01	1.255586e+03	2.988806e-15	1.469002e-28	2.466208e+05
7.567570e+03	2.158098e+01	1.255594e+03	2.975620e-15	1.465110e-28	2.461851e+05
7.577580e+03	2.160017e+01	1.255601e+03	2.962509e-15	1.461234e-28	2.457506e+05
7.587590e+03	2.161935e+01	1.255608e+03	2.949474e-15	1.457372e-28	2.453175e+05
7.597600e+03	2.163852e+01	1.255615e+03	2.936513e-15	1.453527e-28	2.448857e+05
7.607610e+03	2.165769e+01	1.255622e+03	2.923626e-15	1.449696e-28	2.444553e+05
7.617620e+03	2.167684e+01	1.255629e+03	2.910812e-15	1.445880e-28	2.440261e+05
7.627630e+03	2.169599e+01	1.255636e+03	2.898071e-15	1.442080e-28	2.435983e+05
7.637640e+03	2.171513e+01	1.255643e+03	2.885403e-15	1.438294e-28	2.431718e+05
7.647650e+03	2.173426e+01	1.255650e+03	2.872806e-15	1.434523e-28	2.427466e+05
7.657660e+03	2.175338e+01	1.255657e+03	2.860281e-15	1.430768e-28	2.423228e+05
7.667670e+03	2.177250e+01	1.255664e+03	2.847827e-15	1.427026e-28	2.419002e+05
7.677680e+03	2.179160e+01	1.255671e+03	2.835444e-15	1.423300e-28	2.414789e+05
7.687690e+03	2.181070e+01	1.255678e+03	2.823130e-15	1.419588e-28	2.410588e+05
7.697700e+03	2.182979e+01	1.255685e+03	2.810886e-15	1.415891e-28	2.406401e+05
7.707710e+03	2.184887e+01	1.255692e+03	2.798710e-15	1.412208e-28	2.402226e+05
7.717720e+03	2.186794e+01	1.255698e+03	2.786603e-15	1.408539e-28	2.398064e+05
7.727730e+03	2.188700e+01	1.255705e+03	2.774564e-15	1.404885e-28	2.393914e+05
7.737740e+03	2.190606e+01	1.255712e+03	2.762593e-15	1.401245e-28	2.389777e+05
7.747750e+03	2.192510e+01	1.255719e+03	2.750689e-15	1.397619e-28	2.385653e+05
7.757760e+03	2.194414e+01	1.255725e+03	2.738851e-15	1.394007e-28	2.381541e+05
7.767770e+03	2.196317e+01	1.255732e+03	2.727080e-15	1.390409e-28	2.377441e+05
7.777780e+03	2.198219e+01	1.255739e+03	2.715374e-15	1.386825e-28	2.373354e+05
7.787790e+03	2.200120e+01	1.255746e+03	2.703733e-15	1.383255e-28	2.369279e+05
7.797800e+03	2.202021e+01	1.255752e+03	2.692158e-15	1.379698e-28	2.365216e+05
7.807810e+03	2.203920e+01	1.255759e+03	2.680646e-15	1.376156e-28	2.361166e+05
7.817820e+03	2.205819e+01	1.255766e+03	2.669199e-15	1.372626e-28	2.357127e+05
7.827830e+03	2.207717e+01	1.255772e+03	2.657815e-15	1.369111e-28	2.353101e+05
7.837840e+03	2.209614e+01	1.255779e+03	2.646494e-15	1.365609e-28	2.349087e+05
7.847850e+03	2.211511e+01	1.255785e+03	2.635235e-15	1.362120e-28	2.345084e+05
7.857860e+03	2.213406e+01	1.255792e+03	2.624039e-15	1.358645e-28	2.341094e+05
7.867870e+03	2.215301e+01	1.255798e+03	2.612905e-15	1.355183e-28	2.337115e+05
7.877880e+03	2.217195e+01	1.255805e+03	2.601832e-15	1.351734e-28	2.333149e+05
7.887890e+03	2.219088e+01	1.255811e+03	2.590820e-15	1.348299e-28	2.329194e+05
7.897900e+03	2.220980e+01	1.255818e+03	2.579868e-15	1.344876e-28	2.325250e+05
7.907910e+03	2.222872e+01	1.255824e+03	2.568977e-15	1.341467e-28	2.321319e+05
7.917920e+03	2.224762e+01	1.255831e+03	2.558145e-15	1.338070e-28	2.317399e+05
7.927930e+03	2.226652e+01	1.255837e+03	2.547372e-15	1.334687e-28	2.313490e+05
7.937940e+03	2.228541e+01	1.255844e+03	2.536659e-15	1.331316e-28	2.309593e+05
7.947950e+03	2.230430e+01	1.255850e+03	2.526004e-15	1.327958e-28	2.305708e+05
7.957960e+03	2.232317e+01	1.255856e+03	2.515407e-15	1.324612e-28	2.301834e+05
7.967970e+03	2.234204e+01	1.255863e+03	2.504868e-15	1.321280e-28	2.297971e+05
7.977980e+03	2.236089e+01	1.255869e+03	2.494386e-15	1.317959e-28	2.294120e+05
7.987990e+03	2.237974e+01	1.255875e+03	2.483961e-15	1.314652e-28	2.290280e+05
7.998000e+03	2.239859e+01	1.255882e+03	2.473593e-15	1.311356e-28	2.286451e+05
8.008010e+03	2.241742e+01	1.255888e+03	2.463281e-15	1.308074e-28	2.282634e+05
8.018020e+03	2.243625e+01	1.255894e+03	2.453024e-15	1.304803e-28	2.278828e+05
8.028030e+03	2.245506e+01	1.255900e+03	2.442824e-15	1.301545e-28	2.275032e+05
8.038040e+03	2.247388e+01	1.255907e+03	2.432678e-15	1.298299e-28	2.271248e+05
8.048050e+03	2.249268e+01	1.255913e+03	2.422587e-15	1.295065e-28	2.267475e+05
8.058060e+03	2.251147e+01	1.255919e+03	2.412550e-15	1.291843e-28	2.263712e+05
8.068070e+03	2.253026e+01	1.255925e+03	2.402568e-15	1.288633e-28	2.259961e+05
8.078080e+03	2.254904e+01	1.255931e+03	2.392639e-15	1.285435e-28	2.256220e+05
8.088090e+03	2.256781e+01	1.255937e+03	2.382763e-15	1.282249e-28	2.252491e+05
8.098100e+03	2.258657e+01	1.255944e+03	2.372940e-15	1.279075e-28	2.248772e+05
8.108110e+03	2.260533e+01	1.255950e+03	2.363170e-15	1.275912e-28	2.245064e+05
8.118120e+03	2.262407e+01	1.255956e+03	2.353452e-15	1.272761e-28	2.241366e+05
8.128130e+03	2.264281e+01	1.255962e+03	2.343786e-15	1.269622e-28	2.237679e+05
8.138140e+03	2.266154e+01	1.255968e+03	2.334171e-15	1.266495e-28	2.234003e+05
8.148150e+03	2.268027e+01	1.255974e+03	2.324608e-15	1.263379e-28	2.230338e+05
8.158160e+03	2.269898e+01	1.255980e+03	2.315096e-15	1.260275e-28	2.226682e+05
8.168170e+03	2.271769e+01	1.255986e+03	2.305634e-15	1.257182e-28	2.223038e+05
8.178180e+03	2.273639e+01	1.255992e+03	2.296222e-15	1.254100e-28	2.219403e+05
8.188190e+03	2.275508e+01	1.255998e+03	2.286860e-15	1.251030e-28	2.215780e+05
8.198200e+03	2.277377e+01	1.256004e+03	2.277548e-15	1.247971e-28	2.212166e+05
8.208210e+03	2.279245e+01	1.256010e+03	2.268285e-15	1.244923e-28	2.208563e+05
8.218220e+03	2.281112e+01	1.256015e+03	2.259071e-15	1.241886e-28	2.204970e+05
8.228230e+03	2.282978e+01	1.256021e+03	2.249906e-15	1.238861e-28	2.201387e+05
8.238240e+03	2.284843e+01	1.256027e+03	2.240788e-15	1.235846e-28	2.197815e+05
8.248250e+03	2.286708e+01	1.256033e+03	2.231719e-15	1.232842e-28	2.194252e+05
8.258260e+03	2.288572e+01	1.256039e+03	2.222698e-15	1.229850e-28	2.190700e+05
8.268270e+03	2.290435e+01	1.256045e+03	2.213724e-15	1.226868e-28	2.187158e+05
8.278280e+03	2.292297e+01	1.256051e+03	2.204797e-15	1.223897e-28	2.183625e+05
8.288290e+03	2.294159e+01	1.256056e+03	2.195916e-15	1.220937e-28	2.180103e+05
8.298300e+03	2.296020e+01	1.256062e+03	2.187082e-15	1.217988e-28	2.176591e+05
8.308310e+03	2.297880e+01	1.256068e+03	2.178295e-15	1.215049e-28	2.173088e+05
8.318320e+03	2.299739e+01	1.256074e+03	2.169553e-15	1.212121e-28	2.169596e+05
8.328330e+03	2.301598e+01	1.256079e+03	2.160856e-15	1.209203e-28	2.166113e+05
8.338340e+03	2.303455e+01	1.256085e+03	2.152205e-15	1.206296e-28	2.162640e+05
8.348350e+03	2.305312e+01	1.256091e+03	2.143599e-15	1.203400e-28	2.159176e+05
8.358360e+03	2.307169e+01	1.256096e+03	2.135038e-15	1.200514e-28	2.155723e+05
8.368370e+03	2.309024e+01	1.256102e+03	2.126521e-15	1.197638e-28	2.152279e+05
8.378380e+03	2.310879e+01	1.256108e+03	2.118048e-15	1.194773e-28	2.148845e+05
8.388390e+03	2.312733e+01	1.256113e+03	2.109619e-15	1.191918e-28	2.145420e+05
8.398400e+03	2.314586e+01	1.256119e+03	2.101234e-15	1.189073e-28	2.142005e+05
8.408410e+03	2.316439e+01	1.256124e+03	2.092891e-15	1.186238e-28	2.138599e+05
8.418420e+03	2.318291e+01	1.256130e+03	2.084592e-15	1.183413e-28	2.135203e+05
8.428430e+03	2.320142e+01	1.256136e+03	2.076336e-15	1.180599e-28	2.131816e+05
8.438440e+03	2.321992e+01	1.256141e+03	2.068122e-15	1.177794e-28	2.128439e+05
8.448450e+03	2.323842e+01	1.256147e+03	2.059950e-15	1.175000e-28	2.125071e+05
8.458460e+03	2.325691e+01	1.256152e+03	2.051820e-15	1.172215e-28	2.121712e+05
8.468470e+03	2.327539e+01	1.256158e+03	2.043732e-15	1.169441e-28	2.118363e+05
8.478480e+03	2.329386e+01	1.256163e+03	2.035685e-15	1.166676e-28	2.115022e+05
8.488490e+03	2.331233e+01	1.256169e+03	2.027680e-15	1.163921e-28	2.111691e+05
8.498500e+03	2.333078e+01	1.256174e+03	2.019715e-15	1.161176e-28	2.108370e+05
8.508510e+03	2.334924e+01	1.256180e+03	2.011791e-15	1.158440e-28	2.105057e+05
8.518520e+03	2.336768e+01	1.256185e+03	2.003907e-15	1.155714e-28	2.101753e+05
8.528530e+03	2.338612e+01	1.256190e+03	1.996064e-15	1.152998e-28	2.098459e+05
8.538540e+03	2.340455e+01	1.256196e+03	1.988260e-15	1.150291e-28	2.095173e+05
8.548550e+03	2.342297e+01	1.256201e+03	1.980496e-15	1.147594e-28	2.091897e+05
8.558560e+03	2.344138e+01	1.256206e+03	1.972771e-15	1.144906e-28	2.088629e+05
8.568570e+03	2.345979e+01	1.256212e+03	1.965085e-15	1.142228e-28	2.085371e+05
8.578580e+03	2.347819e+01	1.256217e+03	1.957439e-15	1.139559e-28	2.082121e+05
8.588590e+03	2.349658e+01	1.256222e+03	1.949831e-15	1.136899e-28	2.078880e+05
8.598600e+03	2.351497e+01	1.256228e+03	1.942261e-15	1.134249e-28	2.075648e+05
8.608610e+03	2.353335e+01	1.256233e+03	1.934729e-15	1.131608e-28	2.072425e+05
8.618620e+03	2.355172e+01	1.256238e+03	1.927236e-15	1.128976e-28	2.069210e+05
8.628630e+03	2.357008e+01	1.256244e+03	1.919780e-15	1.126353e-28	2.066005e+05
8.638640e+03	2.358844e+01	1.256249e+03	1.912362e-15	1.123740e-28	2.062808e+05
8.648650e+03	2.360679e+01	1.256254e+03	1.904980e-15	1.121136e-28	2.059619e+05
8.658660e+03	2.362513e+01	1.256259e+03	1.897636e-15	1.118540e-28	2.056439e+05
8.668670e+03	2.364347e+01	1.256265e+03	1.890329e-15	1.115954e-28	2.053268e+05
8.678680e+03	2.366180e+01	1.256270e+03	1.883058e-15	1.113376e-28	2.050105e+05
8.688690e+03	2.368012e+01	1.256275e+03	1.875823e-15	1.110808e-28	2.046951e+05
8.698700e+03	2.369843e+01	1.256280e+03	1.868625e-15	1.108248e-28	2.043805e+05
8.708710e+03	2.371674e+01	1.256285e+03	1.861462e-15	1.105698e-28	2.040668e+05
8.718720e+03	2.373504e+01	1.256290e+03	1.854335e-15	1.103156e-28	2.037539e+05
8.728730e+03	2.375333e+01	1.256295e+03	1.847244e-15	1.100622e-28	2.034419e+05
8.738740e+03	2.377161e+01	1.256301e+03	1.840187e-15	1.098098e-28	2.031307e+05
8.748750e+03	2.378989e+01	1.256306e+03	1.833166e-15	1.095582e-28	2.028203e+05
8.758760e+03	2.380816e+01	1.256311e+03	1.826180e-15	1.093075e-28	2.025108e+05
8.768770e+03	2.382643e+01	1.256316e+03	1.819228e-15	1.090576e-28	2.022020e+05
8.778780e+03	2.384469e+01	1.256321e+03	1.812310e-15	1.088086e-28	2.018941e+05
8.788790e+03	2.386294e+01	1.256326e+03	1.805427e-15	1.085605e-28	2.015871e+05
8.798800e+03	2.388118e+01	1.256331e+03	1.798577e-15	1.083132e-28	2.012808e+05
8.808810e+03	2.389942e+01	1.256336e+03	1.791762e-15	1.080667e-28	2.009754e+05
8.818820e+03	2.391764e+01	1.256341e+03	1.784980e-15	1.078211e-28	2.006707e+05
8.828830e+03	2.393587e+01	1.256346e+03	1.778231e-15	1.075763e-28	2.003669e+05
8.838840e+03	2.395408e+01	1.256351e+03	1.771515e-15	1.073324e-28	2.000639e+05
8.848850e+03	2.397229e+01	1.256356e+03	1.764832e-15	1.070893e-28	1.997616e+05
8.858860e+03	2.399049e+01	1.256361e+03	1.758183e-15	1.068470e-28	1.994602e+05
8.868870e+03	2.400869e+01	1.256366e+03	1.751565e-15	1.066055e-28	1.991596e+05
8.878880e+03	2.402687e+01	1.256371e+03	1.744980e-15	1.063648e-28	1.988597e+05
8.888890e+03	2.404505e+01	1.256376e+03	1.738427e-15	1.061250e-28	1.985607e+05
8.898900e+03	2.406323e+01	1.256381e+03	1.731906e-15	1.058860e-28	1.982624e+05
8.908910e+03	2.408139e+01	1.256385e+03	1.725417e-15	1.056477e-28	1.979650e+05
8.918920e+03	2.409955e+01	1.256390e+03	1.718959e-15	1.054103e-28	1.976683e+05
8.928930e+03	2.411771e+01	1.256395e+03	1.712533e-15	1.051737e-28	1.973723e+05
8.938940e+03	2.413585e+01	1.256400e+03	1.706138e-15	1.049379e-28	1.970772e+05
8.948950e+03	2.415399e+01	1.256405e+03	1.699774e-15	1.047029e-28	1.967828e+05
8.958960e+03	2.417212e+01	1.256410e+03	1.693441e-15	1.044686e-28	1.964892e+05
8.968970e+03	2.419025e+01	1.256414e+03	1.687138e-15	1.042352e-28	1.961964e+05
8.978980e+03	2.420837e+01	1.256419e+03	1.680866e-15	1.040025e-28	1.959043e+05
8.988990e+03	2.422648e+01	1.256424e+03	1.674624e-15	1.037706e-28	1.956130e+05
8.999000e+03	2.424458e+01	1.256429e+03	1.668413e-15	1.035395e-28	1.953224e+05
9.009010e+03	2.426268e+01	1.256434e+03	1.662231e-15	1.033091e-28	1.950326e+05
9.019020e+03	2.428077e+01	1.256438e+03	1.656079e-15	1.030795e-28	1.947436e+05
9.029030e+03	2.429886e+01	1.256443e+03	1.649956e-15	1.028507e-28	1.944552e+05
9.039040e+03	2.431693e+01	1.256448e+03	1.643863e-15	1.026227e-28	1.941677e+05
9.049050e+03	2.433501e+01	1.256452e+03	1.637799e-15	1.023954e-28	1.938809e+05
9.059060e+03	2.435307e+01	1.256457e+03	1.631765e-15	1.021688e-28	1.935948e+05
9.069070e+03	2.437113e+01	1.256462e+03	1.625759e-15	1.019430e-28	1.933095e+05
9.079080e+03	2.438918e+01	1.256466e+03	1.619781e-15	1.017180e-28	1.930249e+05
9.089090e+03	2.440722e+01	1.256471e+03	1.613833e-15	1.014937e-28	1.927410e+05
9.099100e+03	2.442526e+01	1.256476e+03	1.607912e-15	1.012701e-28	1.924579e+05
9.109110e+03	2.444329e+01	1.256480e+03	1.602020e-15	1.010473e-28	1.921755e+05
9.119120e+03	2.446131e+01	1.256485e+03	1.596156e-15	1.008252e-28	1.918938e+05
9.129130e+03	2.447933e+01	1.256490e+03	1.590320e-15	1.006038e-28	1.916128e+05
9.139140e+03	2.449734e+01	1.256494e+03	1.584512e-15	1.003832e-28	1.913326e+05
9.149150e+03	2.451535e+01	1.256499e+03	1.578731e-15	1.001633e-28	1.910530e+05
9.159160e+03	2.453334e+01	1.256503e+03	1.572977e-15	9.994413e-29	1.907742e+05
9.169170e+03	2.455133e+01	1.256508e+03	1.567251e-15	9.972567e-29	1.904961e+05
9.179180e+03	2.456932e+01	1.256513e+03	1.561552e-15	9.950792e-29	1.902187e+05
9.189190e+03	2.458729e+01	1.256517e+03	1.555880e-15	9.929089e-29	1.899420e+05
9.199200e+03	2.460527e+01	1.256522e+03	1.550234e-15	9.907457e-29	1.896661e+05
9.209210e+03	2.462323e+01	1.256526e+03	1.544615e-15	9.885895e-29	1.893908e+05
9.219220e+03	2.464119e+01	1.256531e+03	1.539023e-15	9.864404e-29	1.891162e+05
9.229230e+03	2.465914e+01	1.256535e+03	1.533456e-15	9.842982e-29	1.888423e+05
9.239240e+03	2.467708e+01	1.256540e+03	1.527916e-15	9.821630e-29	1.885691e+05
9.249250e+03	2.469502e+01	1.256544e+03	1.522402e-15	9.800348e-29	1.882966e+05
9.259260e+03	2.471295e+01	1.256549e+03	1.516914e-15	9.779135e-29	1.880248e+05
9.269270e+03	2.473088e+01	1.256553e+03	1.511452e-15	9.757991e-29	1.877537e+05
9.279280e+03	2.474879e+01	1.256557e+03	1.506015e-15	9.736915e-29	1.874832e+05
9.289290e+03	2.476671e+01	1.256562e+03	1.500603e-15	9.715907e-29	1.872135e+05
9.299300e+03	2.478461e+01	1.256566e+03	1.495217e-15	9.694967e-29	1.869444e+05
9.309310e+03	2.480251e+01	1.256571e+03	1.489856e-15	9.674095e-29	1.866760e+05
9.319320e+03	2.482040e+01	1.256575e+03	1.484520e-15	9.653290e-29	1.864082e+05
9.329330e+03	2.483829e+01	1.256579e+03	1.479208e-15	9.632553e-29	1.861412e+05
9.339340e+03	2.485617e+01	1.256584e+03	1.473921e-15	9.611882e-29	1.858748e+05
9.349350e+03	2.487404e+01	1.256588e+03	1.468659e-15	9.591277e-29	1.856090e+05
9.359360e+03	2.489191e+01	1.256593e+03	1.463421e-15	9.570739e-29	1.853440e+05
9.369370e+03	2.490976e+01	1.256597e+03	1.458208e-15	9.550267e-29	1.850796e+05
9.379380e+03	2.492762e+01	1.256601e+03	1.453019e-15	9.529860e-29	1.848158e+05
9.389390e+03	2.494547e+01	1.256606e+03	1.447853e-15	9.509519e-29	1.845527e+05
9.399400e+03	2.496331e+01	1.256610e+03	1.442712e-15	9.489243e-29	1.842903e+05
9.409410e+03	2.498114e+01	1.256614e+03	1.437594e-15	9.469031e-29	1.840285e+05
9.419420e+03	2.499897e+01	1.256618e+03	1.432500e-15	9.448884e-29	1.837674e+05
9.429430e+03	2.501679e+01	1.256623e+03	1.427429e-15	9.428801e-29	1.835069e+05
9.439440e+03	2.503460e+01	1.256627e+03	1.422381e-15	9.408783e-29	1.832471e+05
9.449450e+03	2.505241e+01	1.256631e+03	1.417357e-15	9.388827e-29	1.829879e+05
9.459460e+03	2.507021e+01	1.256635e+03	1.412356e-15	9.368936e-29	1.827294e+05
9.469470e+03	2.508801e+01	1.256640e+03	1.407377e-15	9.349107e-29	1.824714e+05
9.479480e+03	2.510580e+01	1.256644e+03	1.402422e-15	9.329342e-29	1.822142e+05
9.489490e+03	2.512358e+01	1.256648e+03	1.397489e-15	9.309639e-29	1.819575e+05
9.499500e+03	2.514136e+01	1.256652e+03	1.392578e-15	9.289998e-29	1.817015e+05
9.509510e+03	2.515913e+01	1.256657e+03	1.387691e-15	9.270420e-29	1.814461e+05
9.519520e+03	2.517689e+01	1.256661e+03	1.382825e-15	9.250903e-29	1.811914e+05
9.529530e+03	2.519465e+01	1.256665e+03	1.377981e-15	9.231448e-29	1.809373e+05
9.539540e+03	2.521240e+01	1.256669e+03	1.373160e-15	9.212054e-29	1.806838e+05
9.549550e+03	2.523015e+01	1.256673e+03	1.368360e-15	9.192722e-29	1.804309e+05
9.559560e+03	2.524789e+01	1.256677e+03	1.363583e-15	9.173450e-29	1.801786e+05
9.569570e+03	2.526562e+01	1.256681e+03	1.358826e-15	9.154238e-29	1.799270e+05
9.579580e+03	2.528335e+01	1.256686e+03	1.354092e-15	9.135087e-29	1.796759e+05
9.589590e+03	2.530107e+01	1.256690e+03	1.349379e-15	9.115996e-29	1.794255e+05
9.599600e+03	2.531878e+01	1.256694e+03	1.344687e-15	9.096965e-29	1.791757e+05
9.609610e+03	2.533649e+01	1.256698e+03	1.340016e-15	9.077993e-29	1.789265e+05
9.619620e+03	2.535419e+01	1.256702e+03	1.335367e-15	9.059081e-29	1.786779e+05
9.629630e+03	2.537188e+01	1.256706e+03	1.330738e-15	9.040228e-29	1.784299e+05
9.639640e+03	2.538957e+01	1.256710e+03	1.326130e-15	9.021433e-29	1.781826e+05
9.649650e+03	2.540726e+01	1.256714e+03	1.321543e-15	9.002697e-29	1.779358e+05
9.659660e+03	2.542493e+01	1.256718e+03	1.316977e-15	8.984020e-29	1.776896e+05
9.669670e+03	2.544260e+01	1.256722e+03	1.312431e-15	8.965400e-29	1.774440e+05
9.679680e+03	2.546027e+01	1.256726e+03	1.307905e-15	8.946838e-29	1.771990e+05
9.689690e+03	2.547793e+01	1.256730e+03	1.303400e-15	8.928334e-29	1.769546e+05
9.699700e+03	2.549558e+01	1.256734e+03	1.298915e-15	8.909887e-29	1.767107e+05
9.709710e+03	2.551322e+01	1.256738e+03	1.294450e-15	8.891498e-29	1.764675e+05
9.719720e+03	2.553086e+01	1.256742e+03	1.290004e-15	8.873165e-29	1.762249e+05
9.729730e+03	2.554850e+01	1.256746e+03	1.285579e-15	8.854889e-29	1.759828e+05
9.739740e+03	2.556612e+01	1.256750e+03	1.281174e-15	8.836669e-29	1.757413e+05
9.749750e+03	2.558375e+01	1.256754e+03	1.276787e-15	8.818506e-29	1.755004e+05
9.759760e+03	2.560136e+01	1.256758e+03	1.272421e-15	8.800398e-29	1.752601e+05
9.769770e+03	2.561897e+01	1.256762e+03	1.268074e-15	8.782346e-29	1.750203e+05
9.779780e+03	2.563657e+01	1.256766e+03	1.263746e-15	8.764350e-29	1.747812e+05
9.789790e+03	2.565417e+01	1.256770e+03	1.259437e-15	8.746409e-29	1.745426e+05
9.799800e+03	2.567176e+01	1.256774e+03	1.255148e-15	8.728523e-29	1.743045e+05
9.809810e+03	2.568935e+01	1.256778e+03	1.250877e-15	8.710692e-29	1.740671e+05
9.819820e+03	2.570692e+01	1.256782e+03	1.246625e-15	8.692915e-29	1.738301e+05
9.829830e+03	2.572450e+01	1.256785e+03	1.242393e-15	8.675193e-29	1.735938e+05
9.839840e+03	2.574206e+01	1.256789e+03	1.238178e-15	8.657525e-29	1.733580e+05
9.849850e+03	2.575962e+01	1.256793e+03	1.233983e-15	8.639910e-29	1.731228e+05
9.859860e+03	2.577718e+01	1.256797e+03	1.229805e-15	8.622350e-29	1.728882e+05
9.869870e+03	2.579473e+01	1.256801e+03	1.225646e-15	8.604843e-29	1.726541e+05
9.879880e+03	2.581227e+01	1.256805e+03	1.221506e-15	8.587389e-29	1.724205e+05
9.889890e+03	2.582981e+01	1.256808e+03	1.217383e-15	8.569989e-29	1.721875e+05
9.899900e+03	2.584734e+01	1.256812e+03	1.213279e-15	8.552641e-29	1.719551e+05
9.909910e+03	2.586486e+01	1.256816e+03	1.209193e-15	8.535346e-29	1.717232e+05
9.919920e+03	2.588238e+01	1.256820e+03	1.205124e-15	8.518103e-29	1.714918e+05
9.929930e+03	2.589989e+01	1.256824e+03	1.201073e-15	8.500912e-29	1.712610e+05
9.939940e+03	2.591740e+01	1.256827e+03	1.197040e-15	8.483774e-29	1.710308e+05
9.949950e+03	2.593490e+01	1.256831e+03	1.193025e-15	8.466687e-29	1.708010e+05
9.959960e+03	2.595240e+01	1.256835e+03	1.189027e-15	8.449652e-29	1.705719e+05
9.969970e+03	2.596989e+01	1.256839e+03	1.185046e-15	8.432668e-29	1.703432e+05
9.979980e+03	2.598737e+01	1.256842e+03	1.181083e-15	8.415735e-29	1.701151e+05
9.989990e+03	2.600485e+01	1.256846e+03	1.177137e-15	8.398854e-29	1.698875e+05
1.000000e+04	2.602232e+01	1.256850e+03	1.173208e-15	8.382023e-29	1.696605e+05
