3.333333e-05	1.097709e-05	8.962753e-06	1.183825e-01	2.959562e-01
3.340000e-02	1.100326e-02	8.983940e-03	1.183347e-01	2.958488e-01
6.676667e-02	2.202085e-02	1.797850e-02	1.181915e-01	2.955265e-01
1.001333e-01	3.308938e-02	2.701243e-02	1.179523e-01	2.949885e-01
1.335000e-01	4.423513e-02	3.610606e-02	1.176165e-01	2.942329e-01
1.668667e-01	5.548545e-02	4.528045e-02	1.171827e-01	2.932574e-01
2.002333e-01	6.686910e-02	5.455775e-02	1.166496e-01	2.920587e-01
2.336000e-01	7.841673e-02	6.396147e-02	1.160153e-01	2.906327e-01
2.669667e-01	9.016140e-02	7.351694e-02	1.152775e-01	2.889747e-01
3.003333e-01	1.021392e-01	8.325168e-02	1.144335e-01	2.870785e-01
3.337000e-01	1.143899e-01	9.319597e-02	1.134799e-01	2.849372e-01
3.670667e-01	1.269581e-01	1.033835e-01	1.124130e-01	2.825425e-01
4.004333e-01	1.398939e-01	1.138522e-01	1.112283e-01	2.798846e-01
4.338000e-01	1.532548e-01	1.246450e-01	1.099203e-01	2.769521e-01
4.671667e-01	1.671071e-01	1.358117e-01	1.084828e-01	2.737314e-01
5.005333e-01	1.815285e-01	1.474100e-01	1.069084e-01	2.702067e-01
5.339000e-01	1.966112e-01	1.595080e-01	1.051883e-01	2.663591e-01
5.672667e-01	2.124660e-01	1.721871e-01	1.033119e-01	2.621662e-01
6.006333e-01	2.292283e-01	1.855462e-01	1.012667e-01	2.576009e-01
6.340000e-01	2.470663e-01	1.997073e-01	9.903699e-02	2.526303e-01
6.673667e-01	2.661933e-01	2.148237e-01	9.660372e-02	2.472136e-01
7.007333e-01	2.868855e-01	2.310925e-01	9.394267e-02	2.412998e-01
7.341000e-01	3.095107e-01	2.487737e-01	9.102270e-02	2.348232e-01
7.674667e-01	3.345746e-01	2.682207e-01	8.780260e-02	2.276970e-01
8.008333e-01	3.628011e-01	2.899337e-01	8.422578e-02	2.198030e-01
8.342000e-01	3.952821e-01	3.146564e-01	8.021098e-02	2.109714e-01
8.675667e-01	4.337845e-01	3.435725e-01	7.563356e-02	2.009438e-01
9.009333e-01	4.814673e-01	3.787554e-01	7.028445e-02	1.892884e-01
9.343000e-01	5.449674e-01	4.244502e-01	6.375489e-02	1.751660e-01
9.676667e-01	6.431986e-01	4.923196e-01	5.498245e-02	1.564115e-01
1.001033e+00	1.053411e+00	7.348678e-01	3.155423e-02	1.080647e-01
1.034400e+00	1.333232e+00	8.626209e-01	2.165574e-02	8.621704e-02
1.067767e+00	1.484607e+00	9.203551e-01	1.748724e-02	7.583715e-02
1.101133e+00	1.607723e+00	9.621071e-01	1.465759e-02	6.821610e-02
1.134500e+00	1.715971e+00	9.953257e-01	1.253943e-02	6.211778e-02
1.167867e+00	1.814612e+00	1.023002e+00	1.087585e-02	5.703315e-02
1.201233e+00	1.906365e+00	1.046709e+00	9.530163e-03	5.268773e-02
1.234600e+00	1.992853e+00	1.067403e+00	8.419120e-03	4.891131e-02
1.267967e+00	2.075137e+00	1.085716e+00	7.487697e-03	4.558881e-02
1.301333e+00	2.153960e+00	1.102095e+00	6.697428e-03	4.263774e-02
1.334700e+00	2.229861e+00	1.116867e+00	6.020326e-03	3.999644e-02
1.368067e+00	2.303251e+00	1.130284e+00	5.435400e-03	3.761735e-02
1.401433e+00	2.374451e+00	1.142539e+00	4.926532e-03	3.546289e-02
1.434800e+00	2.443714e+00	1.153791e+00	4.481104e-03	3.350274e-02
1.468167e+00	2.511248e+00	1.164165e+00	4.089084e-03	3.171209e-02
1.501533e+00	2.577225e+00	1.173767e+00	3.742385e-03	3.007034e-02
1.534900e+00	2.641789e+00	1.182684e+00	3.434421e-03	2.856021e-02
1.568267e+00	2.705061e+00	1.190989e+00	3.159768e-03	2.716705e-02
1.601633e+00	2.767147e+00	1.198747e+00	2.913924e-03	2.587833e-02
1.635000e+00	2.828138e+00	1.206012e+00	2.693124e-03	2.468329e-02
1.668367e+00	2.888111e+00	1.212829e+00	2.494194e-03	2.357260e-02
1.701733e+00	2.947137e+00	1.219241e+00	2.314447e-03	2.253812e-02
1.735100e+00	3.005278e+00	1.225282e+00	2.151589e-03	2.157272e-02
1.768467e+00	3.062588e+00	1.230986e+00	2.003658e-03	2.067014e-02
1.801833e+00	3.119116e+00	1.236378e+00	1.868962e-03	1.982483e-02
1.835200e+00	3.174907e+00	1.241485e+00	1.746040e-03	1.903188e-02
1.868567e+00	3.230000e+00	1.246329e+00	1.633622e-03	1.828691e-02
1.901933e+00	3.284433e+00	1.250929e+00	1.530604e-03	1.758599e-02
1.935300e+00	3.338237e+00	1.255303e+00	1.436016e-03	1.692563e-02
1.968667e+00	3.391443e+00	1.259468e+00	1.349010e-03	1.630266e-02
2.002033e+00	3.444079e+00	1.263439e+00	1.268840e-03	1.571424e-02
2.035400e+00	3.496170e+00	1.267227e+00	1.194844e-03	1.515780e-02
2.068767e+00	3.547739e+00	1.270846e+00	1.126440e-03	1.463100e-02
2.102133e+00	3.598810e+00	1.274307e+00	1.063107e-03	1.413174e-02
2.135500e+00	3.649401e+00	1.277619e+00	1.004385e-03	1.365808e-02
2.168867e+00	3.699532e+00	1.280792e+00	9.498625e-04	1.320826e-02
2.202233e+00	3.749220e+00	1.283835e+00	8.991701e-04	1.278069e-02
2.235600e+00	3.798482e+00	1.286754e+00	8.519784e-04	1.237390e-02
2.268967e+00	3.847332e+00	1.289558e+00	8.079909e-04	1.198652e-02
2.302333e+00	3.895786e+00	1.292252e+00	7.669411e-04	1.161734e-02
2.335700e+00	3.943856e+00	1.294843e+00	7.285887e-04	1.126520e-02
2.369067e+00	3.991556e+00	1.297338e+00	6.927163e-04	1.092905e-02
2.402433e+00	4.038897e+00	1.299740e+00	6.591277e-04	1.060794e-02
2.435800e+00	4.085890e+00	1.302055e+00	6.276448e-04	1.030096e-02
2.469167e+00	4.132547e+00	1.304287e+00	5.981059e-04	1.000728e-02
2.502533e+00	4.178878e+00	1.306441e+00	5.703641e-04	9.726142e-03
2.535900e+00	4.224891e+00	1.308521e+00	5.442854e-04	9.456825e-03
2.569267e+00	4.270596e+00	1.310529e+00	5.197480e-04	9.198669e-03
2.602633e+00	4.316002e+00	1.312471e+00	4.966402e-04	8.951059e-03
2.636000e+00	4.361117e+00	1.314349e+00	4.748602e-04	8.713422e-03
2.669367e+00	4.405948e+00	1.316165e+00	4.543145e-04	8.485223e-03
2.702733e+00	4.450503e+00	1.317924e+00	4.349176e-04	8.265964e-03
2.736100e+00	4.494790e+00	1.319627e+00	4.165909e-04	8.055178e-03
2.769467e+00	4.538814e+00	1.321277e+00	3.992621e-04	7.852431e-03
2.802833e+00	4.582583e+00	1.322876e+00	3.828647e-04	7.657314e-03
2.836200e+00	4.626102e+00	1.324427e+00	3.673375e-04	7.469447e-03
2.869567e+00	4.669378e+00	1.325932e+00	3.526239e-04	7.288470e-03
2.902933e+00	4.712416e+00	1.327392e+00	3.386719e-04	7.114048e-03
2.936300e+00	4.755222e+00	1.328810e+00	3.254332e-04	6.945866e-03
2.969667e+00	4.797801e+00	1.330187e+00	3.128631e-04	6.783626e-03
3.003033e+00	4.840157e+00	1.331526e+00	3.009204e-04	6.627051e-03
3.036400e+00	4.882297e+00	1.332827e+00	2.895668e-04	6.475876e-03
3.069767e+00	4.924223e+00	1.334092e+00	2.787666e-04	6.329855e-03
3.103133e+00	4.965942e+00	1.335322e+00	2.684870e-04	6.188755e-03
3.136500e+00	5.007456e+00	1.336519e+00	2.586972e-04	6.052354e-03
3.169867e+00	5.048771e+00	1.337685e+00	2.493686e-04	5.920445e-03
3.203233e+00	5.089890e+00	1.338820e+00	2.404747e-04	5.792832e-03
3.236600e+00	5.130818e+00	1.339925e+00	2.319907e-04	5.669329e-03
3.269967e+00	5.171557e+00	1.341002e+00	2.238935e-04	5.549760e-03
3.303333e+00	5.212111e+00	1.342051e+00	2.161615e-04	5.433958e-03
3.336700e+00	5.252485e+00	1.343074e+00	2.087745e-04	5.321766e-03
3.370067e+00	5.292681e+00	1.344072e+00	2.017138e-04	5.213035e-03
3.403433e+00	5.332702e+00	1.345045e+00	1.949616e-04	5.107622e-03
3.436800e+00	5.372552e+00	1.345995e+00	1.885016e-04	5.005394e-03
3.470167e+00	5.412233e+00	1.346921e+00	1.823181e-04	4.906223e-03
3.503533e+00	5.451750e+00	1.347826e+00	1.763969e-04	4.809986e-03
3.536900e+00	5.491104e+00	1.348709e+00	1.707241e-04	4.716570e-03
3.570267e+00	5.530298e+00	1.349572e+00	1.652872e-04	4.625863e-03
3.603633e+00	5.569335e+00	1.350415e+00	1.600740e-04	4.537762e-03
3.637000e+00	5.608217e+00	1.351238e+00	1.550733e-04	4.452168e-03
3.670367e+00	5.646948e+00	1.352043e+00	1.502746e-04	4.368986e-03
3.703733e+00	5.685529e+00	1.352830e+00	1.456678e-04	4.288125e-03
3.737100e+00	5.723963e+00	1.353600e+00	1.412435e-04	4.209499e-03
3.770467e+00	5.762253e+00	1.354352e+00	1.369930e-04	4.133027e-03
3.803833e+00	5.800400e+00	1.355089e+00	1.329077e-04	4.058630e-03
3.837200e+00	5.838406e+00	1.355809e+00	1.289800e-04	3.986233e-03
3.870567e+00	5.876275e+00	1.356514e+00	1.252023e-04	3.915766e-03
3.903933e+00	5.914007e+00	1.357204e+00	1.215677e-04	3.847159e-03
3.937300e+00	5.951606e+00	1.357880e+00	1.180694e-04	3.780348e-03
3.970667e+00	5.989072e+00	1.358542e+00	1.147013e-04	3.715270e-03
4.004033e+00	6.026408e+00	1.359190e+00	1.114574e-04	3.651865e-03
4.037400e+00	6.063616e+00	1.359825e+00	1.083321e-04	3.590076e-03
4.070767e+00	6.100697e+00	1.360447e+00	1.053202e-04	3.529850e-03
4.104133e+00	6.137654e+00	1.361056e+00	1.024165e-04	3.471132e-03
4.137500e+00	6.174487e+00	1.361654e+00	9.961626e-05	3.413874e-03
4.170867e+00	6.211200e+00	1.362239e+00	9.691506e-05	3.358026e-03
4.204233e+00	6.247792e+00	1.362814e+00	9.430857e-05	3.303543e-03
4.237600e+00	6.284267e+00	1.363377e+00	9.179272e-05	3.250381e-03
4.270967e+00	6.320625e+00	1.363929e+00	8.936365e-05	3.198496e-03
4.304333e+00	6.356868e+00	1.364471e+00	8.701771e-05	3.147849e-03
4.337700e+00	6.392998e+00	1.365003e+00	8.475141e-05	3.098400e-03
4.371067e+00	6.429015e+00	1.365525e+00	8.256144e-05	3.050111e-03
4.404433e+00	6.464922e+00	1.366037e+00	8.044465e-05	3.002946e-03
4.437800e+00	6.500720e+00	1.366540e+00	7.839804e-05	2.956871e-03
4.471167e+00	6.536411e+00	1.367033e+00	7.641878e-05	2.911852e-03
4.504533e+00	6.571994e+00	1.367518e+00	7.450414e-05	2.867857e-03
4.537900e+00	6.607473e+00	1.367994e+00	7.265155e-05	2.824855e-03
4.571267e+00	6.642847e+00	1.368461e+00	7.085853e-05	2.782817e-03
4.604633e+00	6.678120e+00	1.368920e+00	6.912275e-05	2.741713e-03
4.638000e+00	6.713290e+00	1.369371e+00	6.744197e-05	2.701515e-03
4.671367e+00	6.748361e+00	1.369814e+00	6.581405e-05	2.662199e-03
4.704733e+00	6.783332e+00	1.370250e+00	6.423697e-05	2.623737e-03
4.738100e+00	6.818206e+00	1.370678e+00	6.270876e-05	2.586105e-03
4.771467e+00	6.852982e+00	1.371099e+00	6.122759e-05	2.549280e-03
4.804833e+00	6.887663e+00	1.371513e+00	5.979167e-05	2.513239e-03
4.838200e+00	6.922250e+00	1.371919e+00	5.839931e-05	2.477958e-03
4.871567e+00	6.956743e+00	1.372319e+00	5.704891e-05	2.443418e-03
4.904933e+00	6.991143e+00	1.372713e+00	5.573889e-05	2.409596e-03
4.938300e+00	7.025453e+00	1.373099e+00	5.446780e-05	2.376475e-03
4.971667e+00	7.059671e+00	1.373480e+00	5.323421e-05	2.344033e-03
5.005033e+00	7.093800e+00	1.373854e+00	5.203676e-05	2.312254e-03
5.038400e+00	7.127841e+00	1.374223e+00	5.087416e-05	2.281118e-03
5.071767e+00	7.161794e+00	1.374585e+00	4.974517e-05	2.250608e-03
5.105133e+00	7.195660e+00	1.374942e+00	4.864860e-05	2.220708e-03
5.138500e+00	7.229441e+00	1.375293e+00	4.758331e-05	2.191402e-03
5.171867e+00	7.263136e+00	1.375639e+00	4.654819e-05	2.162674e-03
5.205233e+00	7.296748e+00	1.375979e+00	4.554222e-05	2.134508e-03
5.238600e+00	7.330277e+00	1.376314e+00	4.456438e-05	2.106891e-03
5.271967e+00	7.363723e+00	1.376644e+00	4.361370e-05	2.079807e-03
5.305333e+00	7.397088e+00	1.376969e+00	4.268927e-05	2.053244e-03
5.338700e+00	7.430372e+00	1.377289e+00	4.179020e-05	2.027188e-03
5.372067e+00	7.463576e+00	1.377604e+00	4.091562e-05	2.001625e-03
5.405433e+00	7.496701e+00	1.377915e+00	4.006474e-05	1.976545e-03
5.438800e+00	7.529748e+00	1.378221e+00	3.923676e-05	1.951934e-03
5.472167e+00	7.562718e+00	1.378522e+00	3.843092e-05	1.927781e-03
5.505533e+00	7.595610e+00	1.378819e+00	3.764650e-05	1.904075e-03
5.538900e+00	7.628427e+00	1.379112e+00	3.688280e-05	1.880804e-03
5.572267e+00	7.661168e+00	1.379400e+00	3.613915e-05	1.857959e-03
5.605633e+00	7.693835e+00	1.379685e+00	3.541491e-05	1.835528e-03
5.639000e+00	7.726427e+00	1.379965e+00	3.470945e-05	1.813502e-03
5.672367e+00	7.758946e+00	1.380241e+00	3.402219e-05	1.791871e-03
5.705733e+00	7.791393e+00	1.380513e+00	3.335253e-05	1.770625e-03
5.739100e+00	7.823768e+00	1.380782e+00	3.269994e-05	1.749756e-03
5.772467e+00	7.856071e+00	1.381047e+00	3.206388e-05	1.729255e-03
5.805833e+00	7.888304e+00	1.381308e+00	3.144383e-05	1.709112e-03
5.839200e+00	7.920467e+00	1.381565e+00	3.083930e-05	1.689320e-03
5.872567e+00	7.952561e+00	1.381819e+00	3.024982e-05	1.669871e-03
5.905933e+00	7.984585e+00	1.382070e+00	2.967492e-05	1.650757e-03
5.939300e+00	8.016542e+00	1.382317e+00	2.911417e-05	1.631969e-03
5.972667e+00	8.048431e+00	1.382561e+00	2.856713e-05	1.613501e-03
6.006033e+00	8.080253e+00	1.382802e+00	2.803341e-05	1.595346e-03
6.039400e+00	8.112008e+00	1.383039e+00	2.751259e-05	1.577496e-03
6.072767e+00	8.143698e+00	1.383273e+00	2.700429e-05	1.559944e-03
6.106133e+00	8.175322e+00	1.383504e+00	2.650816e-05	1.542684e-03
6.139500e+00	8.206882e+00	1.383733e+00	2.602383e-05	1.525710e-03
6.172867e+00	8.238378e+00	1.383958e+00	2.555095e-05	1.509015e-03
6.206233e+00	8.269809e+00	1.384180e+00	2.508920e-05	1.492593e-03
6.239600e+00	8.301178e+00	1.384399e+00	2.463825e-05	1.476438e-03
6.272967e+00	8.332484e+00	1.384616e+00	2.419780e-05	1.460545e-03
6.306333e+00	8.363728e+00	1.384830e+00	2.376754e-05	1.444907e-03
6.339700e+00	8.394910e+00	1.385041e+00	2.334719e-05	1.429519e-03
6.373067e+00	8.426031e+00	1.385250e+00	2.293646e-05	1.414377e-03
6.406433e+00	8.457092e+00	1.385456e+00	2.253509e-05	1.399474e-03
6.439800e+00	8.488092e+00	1.385659e+00	2.214282e-05	1.384806e-03
6.473167e+00	8.519032e+00	1.385860e+00	2.175938e-05	1.370368e-03
6.506533e+00	8.549914e+00	1.386058e+00	2.138455e-05	1.356155e-03
6.539900e+00	8.580737e+00	1.386254e+00	2.101807e-05	1.342162e-03
6.573267e+00	8.611501e+00	1.386448e+00	2.065973e-05	1.328385e-03
6.606633e+00	8.642207e+00	1.386639e+00	2.030930e-05	1.314820e-03
6.640000e+00	8.672857e+00	1.386828e+00	1.996657e-05	1.301462e-03
6.673367e+00	8.703449e+00	1.387015e+00	1.963133e-05	1.288306e-03
6.706733e+00	8.733984e+00	1.387199e+00	1.930338e-05	1.275350e-03
6.740100e+00	8.764464e+00	1.387381e+00	1.898252e-05	1.262588e-03
6.773467e+00	8.794888e+00	1.387561e+00	1.866857e-05	1.250017e-03
6.806833e+00	8.825256e+00	1.387739e+00	1.836134e-05	1.237633e-03
6.840200e+00	8.855570e+00	1.387915e+00	1.806067e-05	1.225433e-03
6.873567e+00	8.885829e+00	1.388089e+00	1.776637e-05	1.213412e-03
6.906933e+00	8.916034e+00	1.388261e+00	1.747828e-05	1.201568e-03
6.940300e+00	8.946185e+00	1.388431e+00	1.719624e-05	1.189897e-03
6.973667e+00	8.976284e+00	1.388599e+00	1.692009e-05	1.178395e-03
7.007033e+00	9.006329e+00	1.388765e+00	1.664969e-05	1.167060e-03
7.040400e+00	9.036322e+00	1.388929e+00	1.638489e-05	1.155887e-03
7.073767e+00	9.066262e+00	1.389091e+00	1.612554e-05	1.144874e-03
7.107133e+00	9.096151e+00	1.389252e+00	1.587151e-05	1.134019e-03
7.140500e+00	9.125988e+00	1.389411e+00	1.562266e-05	1.123317e-03
7.173867e+00	9.155775e+00	1.389568e+00	1.537886e-05	1.112766e-03
7.207233e+00	9.185510e+00	1.389723e+00	1.514000e-05	1.102363e-03
7.240600e+00	9.215195e+00	1.389876e+00	1.490594e-05	1.092106e-03
7.273967e+00	9.244831e+00	1.390028e+00	1.467657e-05	1.081992e-03
7.307333e+00	9.274416e+00	1.390178e+00	1.445176e-05	1.072017e-03
7.340700e+00	9.303952e+00	1.390327e+00	1.423142e-05	1.062180e-03
7.374067e+00	9.333440e+00	1.390474e+00	1.401544e-05	1.052479e-03
7.407433e+00	9.362878e+00	1.390619e+00	1.380369e-05	1.042909e-03
7.440800e+00	9.392269e+00	1.390763e+00	1.359609e-05	1.033470e-03
7.474167e+00	9.421611e+00	1.390905e+00	1.339254e-05	1.024158e-03
7.507533e+00	9.450905e+00	1.391046e+00	1.319294e-05	1.014972e-03
7.540900e+00	9.480152e+00	1.391185e+00	1.299718e-05	1.005909e-03
7.574267e+00	9.509352e+00	1.391323e+00	1.280520e-05	9.969676e-04
7.607633e+00	9.538506e+00	1.391459e+00	1.261688e-05	9.881446e-04
7.641000e+00	9.567613e+00	1.391594e+00	1.243216e-05	9.794384e-04
7.674367e+00	9.596673e+00	1.391728e+00	1.225093e-05	9.708470e-04
7.707733e+00	9.625688e+00	1.391860e+00	1.207313e-05	9.623682e-04
7.741100e+00	9.654657e+00	1.391991e+00	1.189868e-05	9.540002e-04
7.774467e+00	9.683581e+00	1.392120e+00	1.172748e-05	9.457410e-04
7.807833e+00	9.712461e+00	1.392248e+00	1.155948e-05	9.375887e-04
7.841200e+00	9.741295e+00	1.392375e+00	1.139460e-05	9.295416e-04
7.874567e+00	9.770085e+00	1.392501e+00	1.123277e-05	9.215977e-04
7.907933e+00	9.798830e+00	1.392625e+00	1.107391e-05	9.137554e-04
7.941300e+00	9.827532e+00	1.392748e+00	1.091797e-05	9.060129e-04
7.974667e+00	9.856191e+00	1.392870e+00	1.076487e-05	8.983685e-04
8.008033e+00	9.884806e+00	1.392991e+00	1.061455e-05	8.908205e-04
8.041400e+00	9.913377e+00	1.393110e+00	1.046695e-05	8.833675e-04
8.074767e+00	9.941906e+00	1.393228e+00	1.032201e-05	8.760077e-04
8.108133e+00	9.970393e+00	1.393345e+00	1.017967e-05	8.687396e-04
8.141500e+00	9.998837e+00	1.393461e+00	1.003988e-05	8.615617e-04
8.174867e+00	1.002724e+01	1.393576e+00	9.902571e-06	8.544725e-04
8.208233e+00	1.005560e+01	1.393690e+00	9.767697e-06	8.474705e-04
8.241600e+00	1.008392e+01	1.393803e+00	9.635203e-06	8.405544e-04
8.274967e+00	1.011220e+01	1.393914e+00	9.505039e-06	8.337227e-04
8.308333e+00	1.014043e+01	1.394025e+00	9.377153e-06	8.269741e-04
8.341700e+00	1.016863e+01	1.394134e+00	9.251496e-06	8.203071e-04
8.375067e+00	1.019678e+01	1.394242e+00	9.128022e-06	8.137206e-04
8.408433e+00	1.022490e+01	1.394350e+00	9.006683e-06	8.072132e-04
8.441800e+00	1.025297e+01	1.394456e+00	8.887435e-06	8.007836e-04
8.475167e+00	1.028101e+01	1.394561e+00	8.770233e-06	7.944306e-04
8.508533e+00	1.030900e+01	1.394666e+00	8.655033e-06	7.881530e-04
8.541900e+00	1.033696e+01	1.394769e+00	8.541795e-06	7.819496e-04
8.575267e+00	1.036488e+01	1.394872e+00	8.430477e-06	7.758193e-04
8.608633e+00	1.039275e+01	1.394973e+00	8.321039e-06	7.697609e-04
8.642000e+00	1.042059e+01	1.395074e+00	8.213442e-06	7.637732e-04
8.675367e+00	1.044839e+01	1.395174e+00	8.107648e-06	7.578552e-04
8.708733e+00	1.047616e+01	1.395272e+00	8.003620e-06	7.520058e-04
8.742100e+00	1.050388e+01	1.395370e+00	7.901322e-06	7.462239e-04
8.775467e+00	1.053157e+01	1.395467e+00	7.800719e-06	7.405085e-04
8.808833e+00	1.055922e+01	1.395563e+00	7.701776e-06	7.348587e-04
8.842200e+00	1.058683e+01	1.395659e+00	7.604459e-06	7.292733e-04
8.875567e+00	1.061440e+01	1.395753e+00	7.508736e-06	7.237514e-04
8.908933e+00	1.064194e+01	1.395847e+00	7.414575e-06	7.182920e-04
8.942300e+00	1.066944e+01	1.395939e+00	7.321944e-06	7.128943e-04
8.975667e+00	1.069690e+01	1.396031e+00	7.230813e-06	7.075573e-04
9.009033e+00	1.072433e+01	1.396122e+00	7.141153e-06	7.022800e-04
9.042400e+00	1.075172e+01	1.396213e+00	7.052933e-06	6.970616e-04
9.075767e+00	1.077907e+01	1.396302e+00	6.966126e-06	6.919012e-04
9.109133e+00	1.080639e+01	1.396391e+00	6.880704e-06	6.867980e-04
9.142500e+00	1.083367e+01	1.396479e+00	6.796640e-06	6.817511e-04
9.175867e+00	1.086092e+01	1.396566e+00	6.713907e-06	6.767597e-04
9.209233e+00	1.088813e+01	1.396652e+00	6.632479e-06	6.718229e-04
9.242600e+00	1.091531e+01	1.396738e+00	6.552331e-06	6.669401e-04
9.275967e+00	1.094245e+01	1.396823e+00	6.473439e-06	6.621103e-04
9.309333e+00	1.096956e+01	1.396907e+00	6.395778e-06	6.573328e-04
9.342700e+00	1.099663e+01	1.396991e+00	6.319325e-06	6.526070e-04
9.376067e+00	1.102367e+01	1.397074e+00	6.244056e-06	6.479319e-04
9.409433e+00	1.105068e+01	1.397156e+00	6.169950e-06	6.433070e-04
9.442800e+00	1.107765e+01	1.397238e+00	6.096983e-06	6.387315e-04
9.476167e+00	1.110458e+01	1.397318e+00	6.025136e-06	6.342046e-04
9.509533e+00	1.113149e+01	1.397398e+00	5.954386e-06	6.297258e-04
9.542900e+00	1.115835e+01	1.397478e+00	5.884712e-06	6.252943e-04
9.576267e+00	1.118519e+01	1.397557e+00	5.816096e-06	6.209094e-04
9.609633e+00	1.121199e+01	1.397635e+00	5.748517e-06	6.165706e-04
9.643000e+00	1.123876e+01	1.397712e+00	5.681956e-06	6.122771e-04
9.676367e+00	1.126550e+01	1.397789e+00	5.616393e-06	6.080283e-04
9.709733e+00	1.129220e+01	1.397865e+00	5.551812e-06	6.038237e-04
9.743100e+00	1.131888e+01	1.397941e+00	5.488193e-06	5.996626e-04
9.776467e+00	1.134551e+01	1.398016e+00	5.425520e-06	5.955444e-04
9.809833e+00	1.137212e+01	1.398091e+00	5.363774e-06	5.914684e-04
9.843200e+00	1.139870e+01	1.398164e+00	5.302939e-06	5.874343e-04
9.876567e+00	1.142524e+01	1.398238e+00	5.242999e-06	5.834413e-04
9.909933e+00	1.145175e+01	1.398310e+00	5.183937e-06	5.794889e-04
9.943300e+00	1.147823e+01	1.398382e+00	5.125738e-06	5.755766e-04
9.976667e+00	1.150468e+01	1.398454e+00	5.068386e-06	5.717038e-04
1.001003e+01	1.153109e+01	1.398525e+00	5.011865e-06	5.678700e-04
1.004340e+01	1.155748e+01	1.398595e+00	4.956162e-06	5.640747e-04
1.007677e+01	1.158384e+01	1.398665e+00	4.901262e-06	5.603173e-04
1.011013e+01	1.161016e+01	1.398734e+00	4.847150e-06	5.565974e-04
1.014350e+01	1.163645e+01	1.398803e+00	4.793813e-06	5.529144e-04
1.017687e+01	1.166271e+01	1.398871e+00	4.741236e-06	5.492680e-04
1.021023e+01	1.168895e+01	1.398939e+00	4.689408e-06	5.456574e-04
1.024360e+01	1.171515e+01	1.399006e+00	4.638313e-06	5.420825e-04
1.027697e+01	1.174132e+01	1.399073e+00	4.587941e-06	5.385425e-04
1.031033e+01	1.176746e+01	1.399139e+00	4.538278e-06	5.350372e-04
1.034370e+01	1.179357e+01	1.399204e+00	4.489312e-06	5.315660e-04
1.037707e+01	1.181966e+01	1.399269e+00	4.441031e-06	5.281285e-04
1.041043e+01	1.184571e+01	1.399334e+00	4.393423e-06	5.247242e-04
1.044380e+01	1.187173e+01	1.399398e+00	4.346477e-06	5.213528e-04
1.047717e+01	1.189773e+01	1.399462e+00	4.300181e-06	5.180138e-04
1.051053e+01	1.192369e+01	1.399525e+00	4.254525e-06	5.147068e-04
1.054390e+01	1.194963e+01	1.399588e+00	4.209497e-06	5.114315e-04
1.057727e+01	1.197553e+01	1.399650e+00	4.165087e-06	5.081873e-04
1.061063e+01	1.200141e+01	1.399712e+00	4.121285e-06	5.049739e-04
1.064400e+01	1.202726e+01	1.399773e+00	4.078080e-06	5.017909e-04
1.067737e+01	1.205308e+01	1.399834e+00	4.035463e-06	4.986379e-04
1.071073e+01	1.207888e+01	1.399894e+00	3.993423e-06	4.955146e-04
1.074410e+01	1.210464e+01	1.399954e+00	3.951950e-06	4.924206e-04
1.077747e+01	1.213038e+01	1.400014e+00	3.911036e-06	4.893554e-04
1.081083e+01	1.215608e+01	1.400073e+00	3.870672e-06	4.863189e-04
1.084420e+01	1.218176e+01	1.400132e+00	3.830848e-06	4.833105e-04
1.087757e+01	1.220742e+01	1.400190e+00	3.791555e-06	4.803300e-04
1.091093e+01	1.223304e+01	1.400248e+00	3.752784e-06	4.773770e-04
1.094430e+01	1.225864e+01	1.400305e+00	3.714528e-06	4.744511e-04
1.097767e+01	1.228421e+01	1.400362e+00	3.676777e-06	4.715521e-04
1.101103e+01	1.230975e+01	1.400419e+00	3.639524e-06	4.686796e-04
1.104440e+01	1.233527e+01	1.400475e+00	3.602761e-06	4.658333e-04
1.107777e+01	1.236075e+01	1.400531e+00	3.566479e-06	4.630129e-04
1.111113e+01	1.238622e+01	1.400586e+00	3.530671e-06	4.602180e-04
1.114450e+01	1.241165e+01	1.400641e+00	3.495329e-06	4.574484e-04
1.117787e+01	1.243706e+01	1.400696e+00	3.460445e-06	4.547037e-04
1.121123e+01	1.246244e+01	1.400750e+00	3.426014e-06	4.519837e-04
1.124460e+01	1.248779e+01	1.400804e+00	3.392026e-06	4.492880e-04
1.127797e+01	1.251312e+01	1.400857e+00	3.358476e-06	4.466164e-04
1.131133e+01	1.253842e+01	1.400910e+00	3.325356e-06	4.439686e-04
1.134470e+01	1.256370e+01	1.400963e+00	3.292660e-06	4.413442e-04
1.137807e+01	1.258895e+01	1.401015e+00	3.260381e-06	4.387431e-04
1.141143e+01	1.261417e+01	1.401067e+00	3.228512e-06	4.361649e-04
1.144480e+01	1.263937e+01	1.401119e+00	3.197047e-06	4.336094e-04
1.147817e+01	1.266454e+01	1.401170e+00	3.165980e-06	4.310763e-04
1.151153e+01	1.268969e+01	1.401221e+00	3.135304e-06	4.285654e-04
1.154490e+01	1.271481e+01	1.401272e+00	3.105014e-06	4.260763e-04
1.157827e+01	1.273991e+01	1.401322e+00	3.075103e-06	4.236089e-04
1.161163e+01	1.276498e+01	1.401372e+00	3.045566e-06	4.211629e-04
1.164500e+01	1.279002e+01	1.401422e+00	3.016397e-06	4.187380e-04
1.167837e+01	1.281504e+01	1.401471e+00	2.987590e-06	4.163340e-04
1.171173e+01	1.284004e+01	1.401520e+00	2.959140e-06	4.139507e-04
1.174510e+01	1.286501e+01	1.401568e+00	2.931041e-06	4.115878e-04
1.177847e+01	1.288996e+01	1.401616e+00	2.903289e-06	4.092450e-04
1.181183e+01	1.291488e+01	1.401664e+00	2.875877e-06	4.069223e-04
1.184520e+01	1.293977e+01	1.401712e+00	2.848801e-06	4.046193e-04
1.187857e+01	1.296464e+01	1.401759e+00	2.822055e-06	4.023357e-04
1.191193e+01	1.298949e+01	1.401806e+00	2.795636e-06	4.000715e-04
1.194530e+01	1.301431e+01	1.401853e+00	2.769537e-06	3.978264e-04
1.197867e+01	1.303911e+01	1.401899e+00	2.743754e-06	3.956001e-04
1.201203e+01	1.306389e+01	1.401945e+00	2.718282e-06	3.933924e-04
1.204540e+01	1.308864e+01	1.401991e+00	2.693117e-06	3.912032e-04
1.207877e+01	1.311337e+01	1.402037e+00	2.668254e-06	3.890323e-04
1.211213e+01	1.313807e+01	1.402082e+00	2.643689e-06	3.868793e-04
1.214550e+01	1.316275e+01	1.402127e+00	2.619417e-06	3.847442e-04
1.217887e+01	1.318740e+01	1.402171e+00	2.595435e-06	3.826268e-04
1.221223e+01	1.321204e+01	1.402215e+00	2.571737e-06	3.805268e-04
1.224560e+01	1.323664e+01	1.402259e+00	2.548319e-06	3.784440e-04
1.227897e+01	1.326123e+01	1.402303e+00	2.525179e-06	3.763783e-04
1.231233e+01	1.328579e+01	1.402347e+00	2.502311e-06	3.743295e-04
1.234570e+01	1.331033e+01	1.402390e+00	2.479711e-06	3.722974e-04
1.237907e+01	1.333484e+01	1.402433e+00	2.457376e-06	3.702817e-04
1.241243e+01	1.335934e+01	1.402475e+00	2.435303e-06	3.682825e-04
1.244580e+01	1.338381e+01	1.402518e+00	2.413486e-06	3.662994e-04
1.247917e+01	1.340825e+01	1.402560e+00	2.391923e-06	3.643322e-04
1.251253e+01	1.343268e+01	1.402602e+00	2.370610e-06	3.623809e-04
1.254590e+01	1.345708e+01	1.402643e+00	2.349543e-06	3.604452e-04
1.257927e+01	1.348146e+01	1.402684e+00	2.328719e-06	3.585251e-04
1.261263e+01	1.350581e+01	1.402725e+00	2.308134e-06	3.566202e-04
1.264600e+01	1.353015e+01	1.402766e+00	2.287785e-06	3.547304e-04
1.267937e+01	1.355446e+01	1.402807e+00	2.267669e-06	3.528557e-04
1.271273e+01	1.357875e+01	1.402847e+00	2.247783e-06	3.509958e-04
1.274610e+01	1.360302e+01	1.402887e+00	2.228123e-06	3.491506e-04
1.277947e+01	1.362726e+01	1.402927e+00	2.208686e-06	3.473199e-04
1.281283e+01	1.365148e+01	1.402966e+00	2.189468e-06	3.455035e-04
1.284620e+01	1.367568e+01	1.403006e+00	2.170468e-06	3.437014e-04
1.287957e+01	1.369986e+01	1.403045e+00	2.151682e-06	3.419134e-04
1.291293e+01	1.372402e+01	1.403084e+00	2.133106e-06	3.401393e-04
1.294630e+01	1.374816e+01	1.403122e+00	2.114739e-06	3.383789e-04
1.297967e+01	1.377227e+01	1.403161e+00	2.096576e-06	3.366322e-04
1.301303e+01	1.379636e+01	1.403199e+00	2.078616e-06	3.348990e-04
1.304640e+01	1.382043e+01	1.403237e+00	2.060856e-06	3.331792e-04
1.307977e+01	1.384448e+01	1.403274e+00	2.043292e-06	3.314726e-04
1.311313e+01	1.386851e+01	1.403312e+00	2.025923e-06	3.297790e-04
1.314650e+01	1.389252e+01	1.403349e+00	2.008745e-06	3.280985e-04
1.317987e+01	1.391650e+01	1.403386e+00	1.991756e-06	3.264307e-04
1.321323e+01	1.394047e+01	1.403423e+00	1.974954e-06	3.247756e-04
1.324660e+01	1.396441e+01	1.403459e+00	1.958335e-06	3.231331e-04
1.327997e+01	1.398834e+01	1.403496e+00	1.941898e-06	3.215031e-04
1.331333e+01	1.401224e+01	1.403532e+00	1.925640e-06	3.198853e-04
1.334670e+01	1.403612e+01	1.403568e+00	1.909558e-06	3.182798e-04
1.338007e+01	1.405998e+01	1.403603e+00	1.893651e-06	3.166863e-04
1.341343e+01	1.408382e+01	1.403639e+00	1.877915e-06	3.151047e-04
1.344680e+01	1.410764e+01	1.403674e+00	1.862349e-06	3.135350e-04
1.348017e+01	1.413144e+01	1.403709e+00	1.846951e-06	3.119769e-04
1.351353e+01	1.415522e+01	1.403744e+00	1.831717e-06	3.104305e-04
1.354690e+01	1.417897e+01	1.403779e+00	1.816647e-06	3.088956e-04
1.358027e+01	1.420271e+01	1.403813e+00	1.801738e-06	3.073720e-04
1.361363e+01	1.422643e+01	1.403847e+00	1.786987e-06	3.058596e-04
1.364700e+01	1.425013e+01	1.403881e+00	1.772393e-06	3.043584e-04
1.368037e+01	1.427380e+01	1.403915e+00	1.757954e-06	3.028682e-04
1.371373e+01	1.429746e+01	1.403949e+00	1.743667e-06	3.013890e-04
1.374710e+01	1.432110e+01	1.403982e+00	1.729531e-06	2.999206e-04
1.378047e+01	1.434472e+01	1.404016e+00	1.715543e-06	2.984629e-04
1.381383e+01	1.436831e+01	1.404049e+00	1.701702e-06	2.970157e-04
1.384720e+01	1.439189e+01	1.404082e+00	1.688007e-06	2.955791e-04
1.388057e+01	1.441545e+01	1.404115e+00	1.674454e-06	2.941529e-04
1.391393e+01	1.443899e+01	1.404147e+00	1.661042e-06	2.927370e-04
1.394730e+01	1.446251e+01	1.404179e+00	1.647770e-06	2.913314e-04
1.398067e+01	1.448601e+01	1.404212e+00	1.634635e-06	2.899358e-04
1.401403e+01	1.450949e+01	1.404244e+00	1.621636e-06	2.885502e-04
1.404740e+01	1.453295e+01	1.404275e+00	1.608772e-06	2.871745e-04
1.408077e+01	1.455639e+01	1.404307e+00	1.596039e-06	2.858087e-04
1.411413e+01	1.457981e+01	1.404339e+00	1.583438e-06	2.844526e-04
1.414750e+01	1.460322e+01	1.404370e+00	1.570965e-06	2.831061e-04
1.418087e+01	1.462660e+01	1.404401e+00	1.558620e-06	2.817692e-04
1.421423e+01	1.464996e+01	1.404432e+00	1.546401e-06	2.804417e-04
1.424760e+01	1.467331e+01	1.404463e+00	1.534306e-06	2.791235e-04
1.428097e+01	1.469664e+01	1.404493e+00	1.522334e-06	2.778147e-04
1.431433e+01	1.471995e+01	1.404524e+00	1.510483e-06	2.765151e-04
1.434770e+01	1.474324e+01	1.404554e+00	1.498752e-06	2.752245e-04
1.438107e+01	1.476651e+01	1.404584e+00	1.487139e-06	2.739430e-04
1.441443e+01	1.478976e+01	1.404614e+00	1.475642e-06	2.726704e-04
1.444780e+01	1.481299e+01	1.404644e+00	1.464261e-06	2.714066e-04
1.448117e+01	1.483621e+01	1.404674e+00	1.452994e-06	2.701517e-04
1.451453e+01	1.485940e+01	1.404703e+00	1.441840e-06	2.689054e-04
1.454790e+01	1.488258e+01	1.404732e+00	1.430796e-06	2.676677e-04
1.458127e+01	1.490574e+01	1.404761e+00	1.419862e-06	2.664385e-04
1.461463e+01	1.492888e+01	1.404790e+00	1.409037e-06	2.652178e-04
1.464800e+01	1.495201e+01	1.404819e+00	1.398319e-06	2.640055e-04
1.468137e+01	1.497511e+01	1.404848e+00	1.387706e-06	2.628015e-04
1.471473e+01	1.499820e+01	1.404876e+00	1.377198e-06	2.616057e-04
1.474810e+01	1.502127e+01	1.404905e+00	1.366794e-06	2.604180e-04
1.478147e+01	1.504432e+01	1.404933e+00	1.356491e-06	2.592385e-04
1.481483e+01	1.506735e+01	1.404961e+00	1.346289e-06	2.580669e-04
1.484820e+01	1.509037e+01	1.404989e+00	1.336187e-06	2.569032e-04
1.488157e+01	1.511336e+01	1.405017e+00	1.326183e-06	2.557474e-04
1.491493e+01	1.513634e+01	1.405045e+00	1.316276e-06	2.545994e-04
1.494830e+01	1.515931e+01	1.405072e+00	1.306465e-06	2.534591e-04
1.498167e+01	1.518225e+01	1.405099e+00	1.296749e-06	2.523265e-04
1.501503e+01	1.520518e+01	1.405127e+00	1.287127e-06	2.512014e-04
1.504840e+01	1.522808e+01	1.405154e+00	1.277597e-06	2.500839e-04
1.508177e+01	1.525098e+01	1.405181e+00	1.268159e-06	2.489738e-04
1.511513e+01	1.527385e+01	1.405207e+00	1.258812e-06	2.478710e-04
1.514850e+01	1.529671e+01	1.405234e+00	1.249554e-06	2.467756e-04
1.518187e+01	1.531955e+01	1.405260e+00	1.240384e-06	2.456875e-04
1.521523e+01	1.534237e+01	1.405287e+00	1.231301e-06	2.446065e-04
1.524860e+01	1.536517e+01	1.405313e+00	1.222305e-06	2.435326e-04
1.528197e+01	1.538796e+01	1.405339e+00	1.213394e-06	2.424658e-04
1.531533e+01	1.541073e+01	1.405365e+00	1.204568e-06	2.414060e-04
1.534870e+01	1.543348e+01	1.405391e+00	1.195825e-06	2.403531e-04
1.538207e+01	1.545622e+01	1.405417e+00	1.187164e-06	2.393072e-04
1.541543e+01	1.547894e+01	1.405442e+00	1.178584e-06	2.382680e-04
1.544880e+01	1.550164e+01	1.405468e+00	1.170085e-06	2.372356e-04
1.548217e+01	1.552432e+01	1.405493e+00	1.161666e-06	2.362098e-04
1.551553e+01	1.554699e+01	1.405518e+00	1.153325e-06	2.351908e-04
1.554890e+01	1.556964e+01	1.405543e+00	1.145062e-06	2.341783e-04
1.558227e+01	1.559228e+01	1.405568e+00	1.136875e-06	2.331723e-04
1.561563e+01	1.561490e+01	1.405593e+00	1.128765e-06	2.321728e-04
1.564900e+01	1.563750e+01	1.405618e+00	1.120730e-06	2.311797e-04
1.568237e+01	1.566008e+01	1.405642e+00	1.112768e-06	2.301930e-04
1.571573e+01	1.568265e+01	1.405667e+00	1.104881e-06	2.292126e-04
1.574910e+01	1.570520e+01	1.405691e+00	1.097066e-06	2.282385e-04
1.578247e+01	1.572774e+01	1.405715e+00	1.089322e-06	2.272705e-04
1.581583e+01	1.575026e+01	1.405739e+00	1.081650e-06	2.263087e-04
1.584920e+01	1.577276e+01	1.405763e+00	1.074047e-06	2.253530e-04
1.588257e+01	1.579525e+01	1.405787e+00	1.066514e-06	2.244033e-04
1.591593e+01	1.581772e+01	1.405811e+00	1.059050e-06	2.234596e-04
1.594930e+01	1.584017e+01	1.405834e+00	1.051653e-06	2.225219e-04
1.598267e+01	1.586261e+01	1.405858e+00	1.044323e-06	2.215901e-04
1.601603e+01	1.588503e+01	1.405881e+00	1.037060e-06	2.206641e-04
1.604940e+01	1.590744e+01	1.405904e+00	1.029862e-06	2.197439e-04
1.608277e+01	1.592983e+01	1.405927e+00	1.022729e-06	2.188294e-04
1.611613e+01	1.595220e+01	1.405950e+00	1.015660e-06	2.179207e-04
1.614950e+01	1.597456e+01	1.405973e+00	1.008655e-06	2.170176e-04
1.618287e+01	1.599690e+01	1.405996e+00	1.001712e-06	2.161201e-04
1.621623e+01	1.601922e+01	1.406019e+00	9.948316e-07	2.152281e-04
1.624960e+01	1.604153e+01	1.406041e+00	9.880122e-07	2.143417e-04
1.628297e+01	1.606383e+01	1.406064e+00	9.812535e-07	2.134607e-04
1.631633e+01	1.608611e+01	1.406086e+00	9.745547e-07	2.125852e-04
1.634970e+01	1.610837e+01	1.406108e+00	9.679154e-07	2.117150e-04
1.638307e+01	1.613062e+01	1.406131e+00	9.613347e-07	2.108502e-04
1.641643e+01	1.615285e+01	1.406153e+00	9.548121e-07	2.099907e-04
1.644980e+01	1.617507e+01	1.406175e+00	9.483469e-07	2.091364e-04
1.648317e+01	1.619727e+01	1.406196e+00	9.419385e-07	2.082873e-04
1.651653e+01	1.621945e+01	1.406218e+00	9.355864e-07	2.074434e-04
1.654990e+01	1.624162e+01	1.406240e+00	9.292898e-07	2.066046e-04
1.658327e+01	1.626378e+01	1.406261e+00	9.230482e-07	2.057709e-04
1.661663e+01	1.628592e+01	1.406283e+00	9.168610e-07	2.049422e-04
1.665000e+01	1.630804e+01	1.406304e+00	9.107277e-07	2.041185e-04
1.668337e+01	1.633015e+01	1.406325e+00	9.046476e-07	2.032998e-04
1.671673e+01	1.635224e+01	1.406346e+00	8.986201e-07	2.024860e-04
1.675010e+01	1.637432e+01	1.406367e+00	8.926448e-07	2.016771e-04
1.678347e+01	1.639639e+01	1.406388e+00	8.867211e-07	2.008730e-04
1.681683e+01	1.641843e+01	1.406409e+00	8.808484e-07	2.000737e-04
1.685020e+01	1.644047e+01	1.406430e+00	8.750261e-07	1.992792e-04
1.688357e+01	1.646249e+01	1.406451e+00	8.692538e-07	1.984894e-04
1.691693e+01	1.648449e+01	1.406471e+00	8.635309e-07	1.977043e-04
1.695030e+01	1.650648e+01	1.406492e+00	8.578569e-07	1.969238e-04
1.698367e+01	1.652845e+01	1.406512e+00	8.522313e-07	1.961480e-04
1.701703e+01	1.655041e+01	1.406532e+00	8.466536e-07	1.953767e-04
1.705040e+01	1.657236e+01	1.406552e+00	8.411233e-07	1.946100e-04
1.708377e+01	1.659429e+01	1.406572e+00	8.356398e-07	1.938478e-04
1.711713e+01	1.661620e+01	1.406592e+00	8.302028e-07	1.930900e-04
1.715050e+01	1.663810e+01	1.406612e+00	8.248116e-07	1.923367e-04
1.718387e+01	1.665999e+01	1.406632e+00	8.194659e-07	1.915878e-04
1.721723e+01	1.668186e+01	1.406652e+00	8.141651e-07	1.908432e-04
1.725060e+01	1.670371e+01	1.406671e+00	8.089089e-07	1.901030e-04
1.728397e+01	1.672555e+01	1.406691e+00	8.036967e-07	1.893671e-04
1.731733e+01	1.674738e+01	1.406710e+00	7.985281e-07	1.886355e-04
1.735070e+01	1.676920e+01	1.406730e+00	7.934026e-07	1.879081e-04
1.738407e+01	1.679099e+01	1.406749e+00	7.883198e-07	1.871849e-04
1.741743e+01	1.681278e+01	1.406768e+00	7.832793e-07	1.864658e-04
1.745080e+01	1.683455e+01	1.406787e+00	7.782806e-07	1.857509e-04
1.748417e+01	1.685630e+01	1.406806e+00	7.733233e-07	1.850401e-04
1.751753e+01	1.687805e+01	1.406825e+00	7.684070e-07	1.843334e-04
1.755090e+01	1.689977e+01	1.406844e+00	7.635313e-07	1.836307e-04
1.758427e+01	1.692149e+01	1.406863e+00	7.586957e-07	1.829321e-04
1.761763e+01	1.694318e+01	1.406881e+00	7.538999e-07	1.822374e-04
1.765100e+01	1.696487e+01	1.406900e+00	7.491434e-07	1.815467e-04
1.768437e+01	1.698654e+01	1.406919e+00	7.444258e-07	1.808598e-04
1.771773e+01	1.700820e+01	1.406937e+00	7.397468e-07	1.801769e-04
1.775110e+01	1.702984e+01	1.406955e+00	7.351060e-07	1.794979e-04
1.778447e+01	1.705147e+01	1.406974e+00	7.305030e-07	1.788226e-04
1.781783e+01	1.707308e+01	1.406992e+00	7.259374e-07	1.781512e-04
1.785120e+01	1.709469e+01	1.407010e+00	7.214088e-07	1.774836e-04
1.788457e+01	1.711627e+01	1.407028e+00	7.169169e-07	1.768197e-04
1.791793e+01	1.713785e+01	1.407046e+00	7.124613e-07	1.761595e-04
1.795130e+01	1.715941e+01	1.407064e+00	7.080416e-07	1.755030e-04
1.798467e+01	1.718095e+01	1.407081e+00	7.036576e-07	1.748502e-04
1.801803e+01	1.720249e+01	1.407099e+00	6.993087e-07	1.742010e-04
1.805140e+01	1.722400e+01	1.407117e+00	6.949947e-07	1.735554e-04
1.808477e+01	1.724551e+01	1.407134e+00	6.907153e-07	1.729134e-04
1.811813e+01	1.726700e+01	1.407152e+00	6.864701e-07	1.722750e-04
1.815150e+01	1.728848e+01	1.407169e+00	6.822587e-07	1.716401e-04
1.818487e+01	1.730994e+01	1.407187e+00	6.780809e-07	1.710087e-04
1.821823e+01	1.733139e+01	1.407204e+00	6.739363e-07	1.703808e-04
1.825160e+01	1.735283e+01	1.407221e+00	6.698246e-07	1.697563e-04
1.828497e+01	1.737426e+01	1.407238e+00	6.657454e-07	1.691353e-04
1.831833e+01	1.739567e+01	1.407255e+00	6.616985e-07	1.685176e-04
1.835170e+01	1.741706e+01	1.407272e+00	6.576835e-07	1.679034e-04
1.838507e+01	1.743845e+01	1.407289e+00	6.537001e-07	1.672925e-04
1.841843e+01	1.745982e+01	1.407306e+00	6.497480e-07	1.666849e-04
1.845180e+01	1.748118e+01	1.407323e+00	6.458270e-07	1.660806e-04
1.848517e+01	1.750252e+01	1.407339e+00	6.419366e-07	1.654797e-04
1.851853e+01	1.752385e+01	1.407356e+00	6.380767e-07	1.648819e-04
1.855190e+01	1.754517e+01	1.407372e+00	6.342469e-07	1.642874e-04
1.858527e+01	1.756648e+01	1.407389e+00	6.304470e-07	1.636961e-04
1.861863e+01	1.758777e+01	1.407405e+00	6.266766e-07	1.631080e-04
1.865200e+01	1.760905e+01	1.407422e+00	6.229354e-07	1.625231e-04
1.868537e+01	1.763031e+01	1.407438e+00	6.192233e-07	1.619413e-04
1.871873e+01	1.765157e+01	1.407454e+00	6.155399e-07	1.613626e-04
1.875210e+01	1.767281e+01	1.407470e+00	6.118849e-07	1.607871e-04
1.878547e+01	1.769403e+01	1.407486e+00	6.082580e-07	1.602146e-04
1.881883e+01	1.771525e+01	1.407502e+00	6.046591e-07	1.596451e-04
1.885220e+01	1.773645e+01	1.407518e+00	6.010879e-07	1.590787e-04
1.888557e+01	1.775764e+01	1.407534e+00	5.975440e-07	1.585153e-04
1.891893e+01	1.777881e+01	1.407550e+00	5.940272e-07	1.579549e-04
1.895230e+01	1.779998e+01	1.407565e+00	5.905373e-07	1.573974e-04
1.898567e+01	1.782113e+01	1.407581e+00	5.870740e-07	1.568429e-04
1.901903e+01	1.784226e+01	1.407597e+00	5.836370e-07	1.562914e-04
1.905240e+01	1.786339e+01	1.407612e+00	5.802262e-07	1.557427e-04
1.908577e+01	1.788450e+01	1.407628e+00	5.768413e-07	1.551969e-04
1.911913e+01	1.790560e+01	1.407643e+00	5.734820e-07	1.546540e-04
1.915250e+01	1.792669e+01	1.407658e+00	5.701481e-07	1.541139e-04
1.918587e+01	1.794776e+01	1.407674e+00	5.668393e-07	1.535767e-04
1.921923e+01	1.796882e+01	1.407689e+00	5.635555e-07	1.530422e-04
1.925260e+01	1.798987e+01	1.407704e+00	5.602964e-07	1.525106e-04
1.928597e+01	1.801091e+01	1.407719e+00	5.570617e-07	1.519817e-04
1.931933e+01	1.803193e+01	1.407734e+00	5.538513e-07	1.514555e-04
1.935270e+01	1.805295e+01	1.407749e+00	5.506648e-07	1.509321e-04
1.938607e+01	1.807395e+01	1.407764e+00	5.475022e-07	1.504114e-04
1.941943e+01	1.809493e+01	1.407779e+00	5.443632e-07	1.498934e-04
1.945280e+01	1.811591e+01	1.407794e+00	5.412475e-07	1.493781e-04
1.948617e+01	1.813687e+01	1.407809e+00	5.381550e-07	1.488654e-04
1.951953e+01	1.815782e+01	1.407823e+00	5.350854e-07	1.483553e-04
1.955290e+01	1.817876e+01	1.407838e+00	5.320386e-07	1.478479e-04
1.958627e+01	1.819969e+01	1.407852e+00	5.290142e-07	1.473431e-04
1.961963e+01	1.822060e+01	1.407867e+00	5.260122e-07	1.468408e-04
1.965300e+01	1.824150e+01	1.407881e+00	5.230323e-07	1.463411e-04
1.968637e+01	1.826239e+01	1.407896e+00	5.200743e-07	1.458440e-04
1.971973e+01	1.828327e+01	1.407910e+00	5.171380e-07	1.453494e-04
1.975310e+01	1.830414e+01	1.407924e+00	5.142232e-07	1.448573e-04
1.978647e+01	1.832499e+01	1.407938e+00	5.113298e-07	1.443677e-04
1.981983e+01	1.834583e+01	1.407953e+00	5.084575e-07	1.438806e-04
1.985320e+01	1.836666e+01	1.407967e+00	5.056062e-07	1.433959e-04
1.988657e+01	1.838748e+01	1.407981e+00	5.027756e-07	1.429137e-04
1.991993e+01	1.840828e+01	1.407995e+00	4.999655e-07	1.424339e-04
1.995330e+01	1.842908e+01	1.408009e+00	4.971759e-07	1.419565e-04
1.998667e+01	1.844986e+01	1.408023e+00	4.944065e-07	1.414815e-04
2.002003e+01	1.847063e+01	1.408036e+00	4.916571e-07	1.410089e-04
2.005340e+01	1.849139e+01	1.408050e+00	4.889275e-07	1.405387e-04
2.008677e+01	1.851213e+01	1.408064e+00	4.862176e-07	1.400708e-04
2.012013e+01	1.853287e+01	1.408078e+00	4.835272e-07	1.396053e-04
2.015350e+01	1.855359e+01	1.408091e+00	4.808562e-07	1.391421e-04
2.018687e+01	1.857430e+01	1.408105e+00	4.782042e-07	1.386811e-04
2.022023e+01	1.859500e+01	1.408118e+00	4.755713e-07	1.382225e-04
2.025360e+01	1.861569e+01	1.408132e+00	4.729572e-07	1.377661e-04
2.028697e+01	1.863637e+01	1.408145e+00	4.703618e-07	1.373120e-04
2.032033e+01	1.865703e+01	1.408158e+00	4.677848e-07	1.368601e-04
2.035370e+01	1.867769e+01	1.408172e+00	4.652262e-07	1.364105e-04
2.038707e+01	1.869833e+01	1.408185e+00	4.626857e-07	1.359631e-04
2.042043e+01	1.871896e+01	1.408198e+00	4.601632e-07	1.355178e-04
2.045380e+01	1.873958e+01	1.408211e+00	4.576586e-07	1.350748e-04
2.048717e+01	1.876018e+01	1.408224e+00	4.551717e-07	1.346339e-04
2.052053e+01	1.878078e+01	1.408237e+00	4.527024e-07	1.341952e-04
2.055390e+01	1.880136e+01	1.408250e+00	4.502504e-07	1.337586e-04
2.058727e+01	1.882194e+01	1.408263e+00	4.478157e-07	1.333242e-04
2.062063e+01	1.884250e+01	1.408276e+00	4.453980e-07	1.328918e-04
2.065400e+01	1.886305e+01	1.408289e+00	4.429973e-07	1.324616e-04
2.068737e+01	1.888359e+01	1.408302e+00	4.406134e-07	1.320334e-04
2.072073e+01	1.890412e+01	1.408315e+00	4.382462e-07	1.316074e-04
2.075410e+01	1.892463e+01	1.408327e+00	4.358955e-07	1.311833e-04
2.078747e+01	1.894514e+01	1.408340e+00	4.335611e-07	1.307614e-04
2.082083e+01	1.896563e+01	1.408353e+00	4.312430e-07	1.303414e-04
2.085420e+01	1.898611e+01	1.408365e+00	4.289409e-07	1.299235e-04
2.088757e+01	1.900658e+01	1.408378e+00	4.266548e-07	1.295076e-04
2.092093e+01	1.902705e+01	1.408390e+00	4.243845e-07	1.290937e-04
2.095430e+01	1.904749e+01	1.408403e+00	4.221299e-07	1.286818e-04
2.098767e+01	1.906793e+01	1.408415e+00	4.198909e-07	1.282718e-04
2.102103e+01	1.908836e+01	1.408427e+00	4.176673e-07	1.278638e-04
2.105440e+01	1.910878e+01	1.408440e+00	4.154589e-07	1.274577e-04
2.108777e+01	1.912918e+01	1.408452e+00	4.132658e-07	1.270536e-04
2.112113e+01	1.914958e+01	1.408464e+00	4.110876e-07	1.266514e-04
2.115450e+01	1.916996e+01	1.408476e+00	4.089244e-07	1.262511e-04
2.118787e+01	1.919033e+01	1.408488e+00	4.067759e-07	1.258527e-04
2.122123e+01	1.921069e+01	1.408500e+00	4.046421e-07	1.254561e-04
2.125460e+01	1.923104e+01	1.408512e+00	4.025228e-07	1.250615e-04
2.128797e+01	1.925138e+01	1.408524e+00	4.004180e-07	1.246687e-04
2.132133e+01	1.927171e+01	1.408536e+00	3.983274e-07	1.242778e-04
2.135470e+01	1.929203e+01	1.408548e+00	3.962510e-07	1.238886e-04
2.138807e+01	1.931234e+01	1.408560e+00	3.941886e-07	1.235014e-04
2.142143e+01	1.933263e+01	1.408572e+00	3.921402e-07	1.231159e-04
2.145480e+01	1.935292e+01	1.408583e+00	3.901056e-07	1.227322e-04
2.148817e+01	1.937319e+01	1.408595e+00	3.880847e-07	1.223503e-04
2.152153e+01	1.939346e+01	1.408607e+00	3.860774e-07	1.219703e-04
2.155490e+01	1.941371e+01	1.408618e+00	3.840836e-07	1.215919e-04
2.158827e+01	1.943395e+01	1.408630e+00	3.821031e-07	1.212154e-04
2.162163e+01	1.945418e+01	1.408642e+00	3.801359e-07	1.208405e-04
2.165500e+01	1.947441e+01	1.408653e+00	3.781818e-07	1.204674e-04
2.168837e+01	1.949462e+01	1.408665e+00	3.762408e-07	1.200961e-04
2.172173e+01	1.951482e+01	1.408676e+00	3.743128e-07	1.197264e-04
2.175510e+01	1.953501e+01	1.408687e+00	3.723975e-07	1.193585e-04
2.178847e+01	1.955518e+01	1.408699e+00	3.704950e-07	1.189923e-04
2.182183e+01	1.957535e+01	1.408710e+00	3.686051e-07	1.186277e-04
2.185520e+01	1.959551e+01	1.408721e+00	3.667277e-07	1.182648e-04
2.188857e+01	1.961566e+01	1.408732e+00	3.648627e-07	1.179036e-04
2.192193e+01	1.963580e+01	1.408744e+00	3.630100e-07	1.175440e-04
2.195530e+01	1.965592e+01	1.408755e+00	3.611696e-07	1.171861e-04
2.198867e+01	1.967604e+01	1.408766e+00	3.593412e-07	1.168298e-04
2.202203e+01	1.969614e+01	1.408777e+00	3.575249e-07	1.164751e-04
2.205540e+01	1.971624e+01	1.408788e+00	3.557205e-07	1.161220e-04
2.208877e+01	1.973633e+01	1.408799e+00	3.539279e-07	1.157706e-04
2.212213e+01	1.975640e+01	1.408810e+00	3.521471e-07	1.154207e-04
2.215550e+01	1.977647e+01	1.408821e+00	3.503779e-07	1.150724e-04
2.218887e+01	1.979652e+01	1.408832e+00	3.486202e-07	1.147257e-04
2.222223e+01	1.981656e+01	1.408842e+00	3.468740e-07	1.143806e-04
2.225560e+01	1.983660e+01	1.408853e+00	3.451391e-07	1.140370e-04
2.228897e+01	1.985662e+01	1.408864e+00	3.434155e-07	1.136950e-04
2.232233e+01	1.987663e+01	1.408875e+00	3.417031e-07	1.133545e-04
2.235570e+01	1.989664e+01	1.408885e+00	3.400017e-07	1.130155e-04
2.238907e+01	1.991663e+01	1.408896e+00	3.383114e-07	1.126780e-04
2.242243e+01	1.993661e+01	1.408907e+00	3.366319e-07	1.123421e-04
2.245580e+01	1.995659e+01	1.408917e+00	3.349633e-07	1.120076e-04
2.248917e+01	1.997655e+01	1.408928e+00	3.333054e-07	1.116747e-04
2.252253e+01	1.999650e+01	1.408938e+00	3.316582e-07	1.113432e-04
2.255590e+01	2.001644e+01	1.408949e+00	3.300216e-07	1.110132e-04
2.258927e+01	2.003638e+01	1.408959e+00	3.283954e-07	1.106847e-04
2.262263e+01	2.005630e+01	1.408969e+00	3.267796e-07	1.103576e-04
2.265600e+01	2.007621e+01	1.408980e+00	3.251742e-07	1.100320e-04
2.268937e+01	2.009612e+01	1.408990e+00	3.235790e-07	1.097078e-04
2.272273e+01	2.011601e+01	1.409000e+00	3.219940e-07	1.093850e-04
2.275610e+01	2.013589e+01	1.409010e+00	3.204190e-07	1.090637e-04
2.278947e+01	2.015576e+01	1.409021e+00	3.188540e-07	1.087438e-04
2.282283e+01	2.017563e+01	1.409031e+00	3.172990e-07	1.084253e-04
2.285620e+01	2.019548e+01	1.409041e+00	3.157538e-07	1.081082e-04
2.288957e+01	2.021532e+01	1.409051e+00	3.142184e-07	1.077924e-04
2.292293e+01	2.023516e+01	1.409061e+00	3.126927e-07	1.074781e-04
2.295630e+01	2.025498e+01	1.409071e+00	3.111766e-07	1.071651e-04
2.298967e+01	2.027479e+01	1.409081e+00	3.096700e-07	1.068535e-04
2.302303e+01	2.029460e+01	1.409091e+00	3.081729e-07	1.065433e-04
2.305640e+01	2.031439e+01	1.409101e+00	3.066852e-07	1.062344e-04
2.308977e+01	2.033418e+01	1.409111e+00	3.052069e-07	1.059268e-04
2.312313e+01	2.035395e+01	1.409121e+00	3.037377e-07	1.056206e-04
2.315650e+01	2.037372e+01	1.409131e+00	3.022778e-07	1.053157e-04
2.318987e+01	2.039347e+01	1.409140e+00	3.008270e-07	1.050121e-04
2.322323e+01	2.041322e+01	1.409150e+00	2.993852e-07	1.047098e-04
2.325660e+01	2.043295e+01	1.409160e+00	2.979524e-07	1.044089e-04
2.328997e+01	2.045268e+01	1.409170e+00	2.965285e-07	1.041092e-04
2.332333e+01	2.047240e+01	1.409179e+00	2.951134e-07	1.038108e-04
2.335670e+01	2.049210e+01	1.409189e+00	2.937071e-07	1.035137e-04
2.339007e+01	2.051180e+01	1.409198e+00	2.923095e-07	1.032179e-04
2.342343e+01	2.053149e+01	1.409208e+00	2.909205e-07	1.029234e-04
2.345680e+01	2.055117e+01	1.409218e+00	2.895401e-07	1.026301e-04
2.349017e+01	2.057084e+01	1.409227e+00	2.881683e-07	1.023380e-04
2.352353e+01	2.059050e+01	1.409236e+00	2.868048e-07	1.020472e-04
2.355690e+01	2.061015e+01	1.409246e+00	2.854497e-07	1.017577e-04
2.359027e+01	2.062979e+01	1.409255e+00	2.841030e-07	1.014693e-04
2.362363e+01	2.064942e+01	1.409265e+00	2.827644e-07	1.011822e-04
2.365700e+01	2.066904e+01	1.409274e+00	2.814341e-07	1.008963e-04
2.369037e+01	2.068866e+01	1.409283e+00	2.801119e-07	1.006116e-04
2.372373e+01	2.070826e+01	1.409293e+00	2.787978e-07	1.003282e-04
2.375710e+01	2.072785e+01	1.409302e+00	2.774917e-07	1.000459e-04
2.379047e+01	2.074744e+01	1.409311e+00	2.761935e-07	9.976480e-05
2.382383e+01	2.076701e+01	1.409320e+00	2.749032e-07	9.948490e-05
2.385720e+01	2.078658e+01	1.409329e+00	2.736207e-07	9.920617e-05
2.389057e+01	2.080614e+01	1.409339e+00	2.723460e-07	9.892861e-05
2.392393e+01	2.082568e+01	1.409348e+00	2.710790e-07	9.865221e-05
2.395730e+01	2.084522e+01	1.409357e+00	2.698197e-07	9.837697e-05
2.399067e+01	2.086475e+01	1.409366e+00	2.685679e-07	9.810288e-05
2.402403e+01	2.088427e+01	1.409375e+00	2.673237e-07	9.782994e-05
2.405740e+01	2.090378e+01	1.409384e+00	2.660870e-07	9.755813e-05
2.409077e+01	2.092328e+01	1.409393e+00	2.648577e-07	9.728746e-05
2.412413e+01	2.094277e+01	1.409402e+00	2.636358e-07	9.701791e-05
2.415750e+01	2.096226e+01	1.409411e+00	2.624212e-07	9.674948e-05
2.419087e+01	2.098173e+01	1.409419e+00	2.612139e-07	9.648216e-05
2.422423e+01	2.100119e+01	1.409428e+00	2.600137e-07	9.621595e-05
2.425760e+01	2.102065e+01	1.409437e+00	2.588208e-07	9.595084e-05
2.429097e+01	2.104010e+01	1.409446e+00	2.576349e-07	9.568683e-05
2.432433e+01	2.105953e+01	1.409455e+00	2.564561e-07	9.542390e-05
2.435770e+01	2.107896e+01	1.409463e+00	2.552843e-07	9.516205e-05
2.439107e+01	2.109838e+01	1.409472e+00	2.541195e-07	9.490128e-05
2.442443e+01	2.111779e+01	1.409481e+00	2.529616e-07	9.464159e-05
2.445780e+01	2.113719e+01	1.409489e+00	2.518105e-07	9.438295e-05
2.449117e+01	2.115659e+01	1.409498e+00	2.506662e-07	9.412538e-05
2.452453e+01	2.117597e+01	1.409507e+00	2.495286e-07	9.386886e-05
2.455790e+01	2.119534e+01	1.409515e+00	2.483978e-07	9.361339e-05
2.459127e+01	2.121471e+01	1.409524e+00	2.472736e-07	9.335895e-05
2.462463e+01	2.123407e+01	1.409532e+00	2.461561e-07	9.310556e-05
2.465800e+01	2.125341e+01	1.409541e+00	2.450450e-07	9.285319e-05
2.469137e+01	2.127275e+01	1.409549e+00	2.439405e-07	9.260185e-05
2.472473e+01	2.129208e+01	1.409557e+00	2.428425e-07	9.235153e-05
2.475810e+01	2.131140e+01	1.409566e+00	2.417509e-07	9.210223e-05
2.479147e+01	2.133072e+01	1.409574e+00	2.406656e-07	9.185393e-05
2.482483e+01	2.135002e+01	1.409583e+00	2.395867e-07	9.160663e-05
2.485820e+01	2.136931e+01	1.409591e+00	2.385141e-07	9.136034e-05
2.489157e+01	2.138860e+01	1.409599e+00	2.374477e-07	9.111503e-05
2.492493e+01	2.140788e+01	1.409607e+00	2.363874e-07	9.087071e-05
2.495830e+01	2.142714e+01	1.409616e+00	2.353334e-07	9.062738e-05
2.499167e+01	2.144640e+01	1.409624e+00	2.342854e-07	9.038502e-05
2.502503e+01	2.146566e+01	1.409632e+00	2.332435e-07	9.014363e-05
2.505840e+01	2.148490e+01	1.409640e+00	2.322076e-07	8.990320e-05
2.509177e+01	2.150413e+01	1.409648e+00	2.311777e-07	8.966374e-05
2.512513e+01	2.152336e+01	1.409657e+00	2.301537e-07	8.942523e-05
2.515850e+01	2.154257e+01	1.409665e+00	2.291356e-07	8.918768e-05
2.519187e+01	2.156178e+01	1.409673e+00	2.281234e-07	8.895107e-05
2.522523e+01	2.158098e+01	1.409681e+00	2.271169e-07	8.871540e-05
2.525860e+01	2.160017e+01	1.409689e+00	2.261162e-07	8.848066e-05
2.529197e+01	2.161935e+01	1.409697e+00	2.251213e-07	8.824686e-05
2.532533e+01	2.163852e+01	1.409705e+00	2.241320e-07	8.801398e-05
2.535870e+01	2.165769e+01	1.409713e+00	2.231484e-07	8.778202e-05
2.539207e+01	2.167684e+01	1.409721e+00	2.221704e-07	8.755098e-05
2.542543e+01	2.169599e+01	1.409728e+00	2.211979e-07	8.732085e-05
2.545880e+01	2.171513e+01	1.409736e+00	2.202310e-07	8.709163e-05
2.549217e+01	2.173426e+01	1.409744e+00	2.192696e-07	8.686330e-05
2.552553e+01	2.175338e+01	1.409752e+00	2.183136e-07	8.663588e-05
2.555890e+01	2.177250e+01	1.409760e+00	2.173630e-07	8.640935e-05
2.559227e+01	2.179160e+01	1.409767e+00	2.164178e-07	8.618370e-05
2.562563e+01	2.181070e+01	1.409775e+00	2.154780e-07	8.595894e-05
2.565900e+01	2.182979e+01	1.409783e+00	2.145434e-07	8.573505e-05
2.569237e+01	2.184887e+01	1.409791e+00	2.136141e-07	8.551204e-05
2.572573e+01	2.186794e+01	1.409798e+00	2.126901e-07	8.528990e-05
2.575910e+01	2.188700e+01	1.409806e+00	2.117712e-07	8.506863e-05
2.579247e+01	2.190606e+01	1.409814e+00	2.108575e-07	8.484821e-05
2.582583e+01	2.192510e+01	1.409821e+00	2.099489e-07	8.462865e-05
2.585920e+01	2.194414e+01	1.409829e+00	2.090453e-07	8.440994e-05
2.589257e+01	2.196317e+01	1.409836e+00	2.081469e-07	8.419208e-05
2.592593e+01	2.198219e+01	1.409844e+00	2.072534e-07	8.397506e-05
2.595930e+01	2.200120e+01	1.409851e+00	2.063649e-07	8.375888e-05
2.599267e+01	2.202021e+01	1.409859e+00	2.054814e-07	8.354353e-05
2.602603e+01	2.203920e+01	1.409866e+00	2.046028e-07	8.332901e-05
2.605940e+01	2.205819e+01	1.409874e+00	2.037290e-07	8.311532e-05
2.609277e+01	2.207717e+01	1.409881e+00	2.028601e-07	8.290245e-05
2.612613e+01	2.209614e+01	1.409889e+00	2.019961e-07	8.269039e-05
2.615950e+01	2.211511e+01	1.409896e+00	2.011368e-07	8.247915e-05
2.619287e+01	2.213406e+01	1.409903e+00	2.002822e-07	8.226872e-05
2.622623e+01	2.215301e+01	1.409911e+00	1.994324e-07	8.205909e-05
2.625960e+01	2.217195e+01	1.409918e+00	1.985872e-07	8.185026e-05
2.629297e+01	2.219088e+01	1.409925e+00	1.977467e-07	8.164223e-05
2.632633e+01	2.220980e+01	1.409933e+00	1.969108e-07	8.143499e-05
2.635970e+01	2.222872e+01	1.409940e+00	1.960795e-07	8.122854e-05
2.639307e+01	2.224762e+01	1.409947e+00	1.952528e-07	8.102287e-05
2.642643e+01	2.226652e+01	1.409954e+00	1.944305e-07	8.081798e-05
2.645980e+01	2.228541e+01	1.409961e+00	1.936128e-07	8.061387e-05
2.649317e+01	2.230430e+01	1.409969e+00	1.927996e-07	8.041053e-05
2.652653e+01	2.232317e+01	1.409976e+00	1.919908e-07	8.020796e-05
2.655990e+01	2.234204e+01	1.409983e+00	1.911863e-07	8.000616e-05
2.659327e+01	2.236089e+01	1.409990e+00	1.903863e-07	7.980511e-05
2.662663e+01	2.237974e+01	1.409997e+00	1.895906e-07	7.960483e-05
2.666000e+01	2.239859e+01	1.410004e+00	1.887992e-07	7.940529e-05
2.669337e+01	2.241742e+01	1.410011e+00	1.880122e-07	7.920651e-05
2.672673e+01	2.243625e+01	1.410018e+00	1.872293e-07	7.900847e-05
2.676010e+01	2.245506e+01	1.410025e+00	1.864508e-07	7.881117e-05
2.679347e+01	2.247388e+01	1.410032e+00	1.856764e-07	7.861462e-05
2.682683e+01	2.249268e+01	1.410039e+00	1.849062e-07	7.841879e-05
2.686020e+01	2.251147e+01	1.410046e+00	1.841401e-07	7.822370e-05
2.689357e+01	2.253026e+01	1.410053e+00	1.833782e-07	7.802933e-05
2.692693e+01	2.254904e+01	1.410060e+00	1.826203e-07	7.783569e-05
2.696030e+01	2.256781e+01	1.410067e+00	1.818666e-07	7.764277e-05
2.699367e+01	2.258657e+01	1.410074e+00	1.811168e-07	7.745056e-05
2.702703e+01	2.260533e+01	1.410080e+00	1.803711e-07	7.725907e-05
2.706040e+01	2.262407e+01	1.410087e+00	1.796294e-07	7.706829e-05
2.709377e+01	2.264281e+01	1.410094e+00	1.788916e-07	7.687821e-05
2.712713e+01	2.266154e+01	1.410101e+00	1.781578e-07	7.668884e-05
2.716050e+01	2.268027e+01	1.410108e+00	1.774278e-07	7.650016e-05
2.719387e+01	2.269898e+01	1.410114e+00	1.767018e-07	7.631218e-05
2.722723e+01	2.271769e+01	1.410121e+00	1.759796e-07	7.612490e-05
2.726060e+01	2.273639e+01	1.410128e+00	1.752613e-07	7.593830e-05
2.729397e+01	2.275508e+01	1.410134e+00	1.745467e-07	7.575238e-05
2.732733e+01	2.277377e+01	1.410141e+00	1.738359e-07	7.556715e-05
2.736070e+01	2.279245e+01	1.410148e+00	1.731289e-07	7.538260e-05
2.739407e+01	2.281112e+01	1.410154e+00	1.724257e-07	7.519872e-05
2.742743e+01	2.282978e+01	1.410161e+00	1.717261e-07	7.501552e-05
2.746080e+01	2.284843e+01	1.410168e+00	1.710302e-07	7.483298e-05
2.749417e+01	2.286708e+01	1.410174e+00	1.703380e-07	7.465111e-05
2.752753e+01	2.288572e+01	1.410181e+00	1.696495e-07	7.446990e-05
2.756090e+01	2.290435e+01	1.410187e+00	1.689645e-07	7.428935e-05
2.759427e+01	2.292297e+01	1.410194e+00	1.682831e-07	7.410946e-05
2.762763e+01	2.294159e+01	1.410200e+00	1.676053e-07	7.393022e-05
2.766100e+01	2.296020e+01	1.410207e+00	1.669311e-07	7.375163e-05
2.769437e+01	2.297880e+01	1.410213e+00	1.662603e-07	7.357368e-05
2.772773e+01	2.299739e+01	1.410220e+00	1.655931e-07	7.339638e-05
2.776110e+01	2.301598e+01	1.410226e+00	1.649294e-07	7.321972e-05
2.779447e+01	2.303455e+01	1.410232e+00	1.642691e-07	7.304370e-05
2.782783e+01	2.305312e+01	1.410239e+00	1.636122e-07	7.286831e-05
2.786120e+01	2.307169e+01	1.410245e+00	1.629587e-07	7.269355e-05
2.789457e+01	2.309024e+01	1.410252e+00	1.623087e-07	7.251942e-05
2.792793e+01	2.310879e+01	1.410258e+00	1.616620e-07	7.234592e-05
2.796130e+01	2.312733e+01	1.410264e+00	1.610186e-07	7.217303e-05
2.799467e+01	2.314586e+01	1.410270e+00	1.603786e-07	7.200077e-05
2.802803e+01	2.316439e+01	1.410277e+00	1.597419e-07	7.182912e-05
2.806140e+01	2.318291e+01	1.410283e+00	1.591084e-07	7.165809e-05
2.809477e+01	2.320142e+01	1.410289e+00	1.584782e-07	7.148766e-05
2.812813e+01	2.321992e+01	1.410295e+00	1.578513e-07	7.131784e-05
2.816150e+01	2.323842e+01	1.410302e+00	1.572276e-07	7.114863e-05
2.819487e+01	2.325691e+01	1.410308e+00	1.566071e-07	7.098002e-05
2.822823e+01	2.327539e+01	1.410314e+00	1.559897e-07	7.081201e-05
2.826160e+01	2.329386e+01	1.410320e+00	1.553756e-07	7.064459e-05
2.829497e+01	2.331233e+01	1.410326e+00	1.547645e-07	7.047777e-05
2.832833e+01	2.333078e+01	1.410332e+00	1.541566e-07	7.031154e-05
2.836170e+01	2.334924e+01	1.410339e+00	1.535518e-07	7.014589e-05
2.839507e+01	2.336768e+01	1.410345e+00	1.529501e-07	6.998083e-05
2.842843e+01	2.338612e+01	1.410351e+00	1.523514e-07	6.981635e-05
2.846180e+01	2.340455e+01	1.410357e+00	1.517558e-07	6.965245e-05
2.849517e+01	2.342297e+01	1.410363e+00	1.511632e-07	6.948913e-05
2.852853e+01	2.344138e+01	1.410369e+00	1.505736e-07	6.932638e-05
2.856190e+01	2.345979e+01	1.410375e+00	1.499870e-07	6.916421e-05
2.859527e+01	2.347819e+01	1.410381e+00	1.494033e-07	6.900260e-05
2.862863e+01	2.349658e+01	1.410387e+00	1.488226e-07	6.884155e-05
2.866200e+01	2.351497e+01	1.410393e+00	1.482449e-07	6.868107e-05
2.869537e+01	2.353335e+01	1.410399e+00	1.476700e-07	6.852116e-05
2.872873e+01	2.355172e+01	1.410405e+00	1.470981e-07	6.836179e-05
2.876210e+01	2.357008e+01	1.410411e+00	1.465290e-07	6.820299e-05
2.879547e+01	2.358844e+01	1.410416e+00	1.459628e-07	6.804474e-05
2.882883e+01	2.360679e+01	1.410422e+00	1.453994e-07	6.788703e-05
2.886220e+01	2.362513e+01	1.410428e+00	1.448388e-07	6.772988e-05
2.889557e+01	2.364347e+01	1.410434e+00	1.442811e-07	6.757327e-05
2.892893e+01	2.366180e+01	1.410440e+00	1.437261e-07	6.741720e-05
2.896230e+01	2.368012e+01	1.410446e+00	1.431739e-07	6.726168e-05
2.899567e+01	2.369843e+01	1.410451e+00	1.426245e-07	6.710669e-05
2.902903e+01	2.371674e+01	1.410457e+00	1.420778e-07	6.695223e-05
2.906240e+01	2.373504e+01	1.410463e+00	1.415338e-07	6.679831e-05
2.909577e+01	2.375333e+01	1.410469e+00	1.409926e-07	6.664492e-05
2.912913e+01	2.377161e+01	1.410474e+00	1.404540e-07	6.649206e-05
2.916250e+01	2.378989e+01	1.410480e+00	1.399181e-07	6.633972e-05
2.919587e+01	2.380816e+01	1.410486e+00	1.393848e-07	6.618791e-05
2.922923e+01	2.382643e+01	1.410492e+00	1.388542e-07	6.603661e-05
2.926260e+01	2.384469e+01	1.410497e+00	1.383262e-07	6.588584e-05
2.929597e+01	2.386294e+01	1.410503e+00	1.378009e-07	6.573558e-05
2.932933e+01	2.388118e+01	1.410509e+00	1.372781e-07	6.558583e-05
2.936270e+01	2.389942e+01	1.410514e+00	1.367579e-07	6.543659e-05
2.939607e+01	2.391764e+01	1.410520e+00	1.362402e-07	6.528787e-05
2.942943e+01	2.393587e+01	1.410525e+00	1.357251e-07	6.513965e-05
2.946280e+01	2.395408e+01	1.410531e+00	1.352125e-07	6.499193e-05
2.949617e+01	2.397229e+01	1.410537e+00	1.347025e-07	6.484472e-05
2.952953e+01	2.399049e+01	1.410542e+00	1.341949e-07	6.469801e-05
2.956290e+01	2.400869e+01	1.410548e+00	1.336898e-07	6.455179e-05
2.959627e+01	2.402687e+01	1.410553e+00	1.331872e-07	6.440607e-05
2.962963e+01	2.404505e+01	1.410559e+00	1.326870e-07	6.426084e-05
2.966300e+01	2.406323e+01	1.410564e+00	1.321893e-07	6.411610e-05
2.969637e+01	2.408139e+01	1.410570e+00	1.316940e-07	6.397186e-05
2.972973e+01	2.409955e+01	1.410575e+00	1.312011e-07	6.382809e-05
2.976310e+01	2.411771e+01	1.410581e+00	1.307107e-07	6.368482e-05
2.979647e+01	2.413585e+01	1.410586e+00	1.302225e-07	6.354202e-05
2.982983e+01	2.415399e+01	1.410591e+00	1.297368e-07	6.339970e-05
2.986320e+01	2.417212e+01	1.410597e+00	1.292534e-07	6.325786e-05
2.989657e+01	2.419025e+01	1.410602e+00	1.287724e-07	6.311650e-05
2.992993e+01	2.420837e+01	1.410608e+00	1.282936e-07	6.297561e-05
2.996330e+01	2.422648e+01	1.410613e+00	1.278172e-07	6.283519e-05
2.999667e+01	2.424458e+01	1.410618e+00	1.273431e-07	6.269524e-05
3.003003e+01	2.426268e+01	1.410624e+00	1.268713e-07	6.255576e-05
3.006340e+01	2.428077e+01	1.410629e+00	1.264017e-07	6.241674e-05
3.009677e+01	2.429886e+01	1.410634e+00	1.259344e-07	6.227819e-05
3.013013e+01	2.431693e+01	1.410640e+00	1.254694e-07	6.214010e-05
3.016350e+01	2.433501e+01	1.410645e+00	1.250065e-07	6.200246e-05
3.019687e+01	2.435307e+01	1.410650e+00	1.245459e-07	6.186529e-05
3.023023e+01	2.437113e+01	1.410655e+00	1.240875e-07	6.172856e-05
3.026360e+01	2.438918e+01	1.410661e+00	1.236313e-07	6.159229e-05
3.029697e+01	2.440722e+01	1.410666e+00	1.231773e-07	6.145647e-05
3.033033e+01	2.442526e+01	1.410671e+00	1.227254e-07	6.132110e-05
3.036370e+01	2.444329e+01	1.410676e+00	1.222757e-07	6.118618e-05
3.039707e+01	2.446131e+01	1.410682e+00	1.218281e-07	6.105170e-05
3.043043e+01	2.447933e+01	1.410687e+00	1.213827e-07	6.091767e-05
3.046380e+01	2.449734e+01	1.410692e+00	1.209393e-07	6.078407e-05
3.049717e+01	2.451535e+01	1.410697e+00	1.204981e-07	6.065092e-05
3.053053e+01	2.453334e+01	1.410702e+00	1.200589e-07	6.051820e-05
3.056390e+01	2.455133e+01	1.410707e+00	1.196219e-07	6.038592e-05
3.059727e+01	2.456932e+01	1.410712e+00	1.191869e-07	6.025407e-05
3.063063e+01	2.458729e+01	1.410718e+00	1.187539e-07	6.012265e-05
3.066400e+01	2.460527e+01	1.410723e+00	1.183230e-07	5.999166e-05
3.069737e+01	2.462323e+01	1.410728e+00	1.178942e-07	5.986110e-05
3.073073e+01	2.464119e+01	1.410733e+00	1.174673e-07	5.973097e-05
3.076410e+01	2.465914e+01	1.410738e+00	1.170425e-07	5.960125e-05
3.079747e+01	2.467708e+01	1.410743e+00	1.166196e-07	5.947196e-05
3.083083e+01	2.469502e+01	1.410748e+00	1.161988e-07	5.934310e-05
3.086420e+01	2.471295e+01	1.410753e+00	1.157799e-07	5.921465e-05
3.089757e+01	2.473088e+01	1.410758e+00	1.153629e-07	5.908661e-05
3.093093e+01	2.474879e+01	1.410763e+00	1.149480e-07	5.895899e-05
3.096430e+01	2.476671e+01	1.410768e+00	1.145349e-07	5.883179e-05
3.099767e+01	2.478461e+01	1.410773e+00	1.141238e-07	5.870499e-05
3.103103e+01	2.480251e+01	1.410778e+00	1.137146e-07	5.857861e-05
3.106440e+01	2.482040e+01	1.410783e+00	1.133073e-07	5.845263e-05
3.109777e+01	2.483829e+01	1.410788e+00	1.129019e-07	5.832706e-05
3.113113e+01	2.485617e+01	1.410793e+00	1.124984e-07	5.820190e-05
3.116450e+01	2.487404e+01	1.410797e+00	1.120968e-07	5.807713e-05
3.119787e+01	2.489191e+01	1.410802e+00	1.116970e-07	5.795277e-05
3.123123e+01	2.490976e+01	1.410807e+00	1.112991e-07	5.782880e-05
3.126460e+01	2.492762e+01	1.410812e+00	1.109030e-07	5.770524e-05
3.129797e+01	2.494547e+01	1.410817e+00	1.105087e-07	5.758207e-05
3.133133e+01	2.496331e+01	1.410822e+00	1.101163e-07	5.745929e-05
3.136470e+01	2.498114e+01	1.410827e+00	1.097257e-07	5.733690e-05
3.139807e+01	2.499897e+01	1.410831e+00	1.093368e-07	5.721491e-05
3.143143e+01	2.501679e+01	1.410836e+00	1.089498e-07	5.709331e-05
3.146480e+01	2.503460e+01	1.410841e+00	1.085646e-07	5.697209e-05
3.149817e+01	2.505241e+01	1.410846e+00	1.081811e-07	5.685126e-05
3.153153e+01	2.507021e+01	1.410850e+00	1.077993e-07	5.673081e-05
3.156490e+01	2.508801e+01	1.410855e+00	1.074194e-07	5.661074e-05
3.159827e+01	2.510580e+01	1.410860e+00	1.070411e-07	5.649106e-05
3.163163e+01	2.512358e+01	1.410865e+00	1.066646e-07	5.637175e-05
3.166500e+01	2.514136e+01	1.410869e+00	1.062898e-07	5.625282e-05
3.169837e+01	2.515913e+01	1.410874e+00	1.059168e-07	5.613427e-05
3.173173e+01	2.517689e+01	1.410879e+00	1.055454e-07	5.601610e-05
3.176510e+01	2.519465e+01	1.410883e+00	1.051757e-07	5.589829e-05
3.179847e+01	2.521240e+01	1.410888e+00	1.048077e-07	5.578086e-05
3.183183e+01	2.523015e+01	1.410893e+00	1.044414e-07	5.566379e-05
3.186520e+01	2.524789e+01	1.410897e+00	1.040767e-07	5.554710e-05
3.189857e+01	2.526562e+01	1.410902e+00	1.037137e-07	5.543077e-05
3.193193e+01	2.528335e+01	1.410907e+00	1.033523e-07	5.531481e-05
3.196530e+01	2.530107e+01	1.410911e+00	1.029926e-07	5.519921e-05
3.199867e+01	2.531878e+01	1.410916e+00	1.026345e-07	5.508397e-05
3.203203e+01	2.533649e+01	1.410921e+00	1.022780e-07	5.496909e-05
3.206540e+01	2.535419e+01	1.410925e+00	1.019231e-07	5.485457e-05
3.209877e+01	2.537188e+01	1.410930e+00	1.015698e-07	5.474041e-05
3.213213e+01	2.538957e+01	1.410934e+00	1.012181e-07	5.462661e-05
3.216550e+01	2.540726e+01	1.410939e+00	1.008680e-07	5.451316e-05
3.219887e+01	2.542493e+01	1.410943e+00	1.005195e-07	5.440006e-05
3.223223e+01	2.544260e+01	1.410948e+00	1.001725e-07	5.428732e-05
3.226560e+01	2.546027e+01	1.410952e+00	9.982707e-08	5.417492e-05
3.229897e+01	2.547793e+01	1.410957e+00	9.948320e-08	5.406288e-05
3.233233e+01	2.549558e+01	1.410961e+00	9.914086e-08	5.395118e-05
3.236570e+01	2.551322e+01	1.410966e+00	9.880006e-08	5.383982e-05
3.239907e+01	2.553086e+01	1.410970e+00	9.846078e-08	5.372881e-05
3.243243e+01	2.554850e+01	1.410975e+00	9.812301e-08	5.361815e-05
3.246580e+01	2.556612e+01	1.410979e+00	9.778675e-08	5.350782e-05
3.249917e+01	2.558375e+01	1.410984e+00	9.745198e-08	5.339784e-05
3.253253e+01	2.560136e+01	1.410988e+00	9.711870e-08	5.328820e-05
3.256590e+01	2.561897e+01	1.410993e+00	9.678690e-08	5.317889e-05
3.259927e+01	2.563657e+01	1.410997e+00	9.645658e-08	5.306992e-05
3.263263e+01	2.565417e+01	1.411001e+00	9.612772e-08	5.296128e-05
3.266600e+01	2.567176e+01	1.411006e+00	9.580031e-08	5.285298e-05
3.269937e+01	2.568935e+01	1.411010e+00	9.547435e-08	5.274501e-05
3.273273e+01	2.570692e+01	1.411014e+00	9.514984e-08	5.263736e-05
3.276610e+01	2.572450e+01	1.411019e+00	9.482675e-08	5.253005e-05
3.279947e+01	2.574206e+01	1.411023e+00	9.450510e-08	5.242307e-05
3.283283e+01	2.575962e+01	1.411027e+00	9.418485e-08	5.231641e-05
3.286620e+01	2.577718e+01	1.411032e+00	9.386602e-08	5.221008e-05
3.289957e+01	2.579473e+01	1.411036e+00	9.354859e-08	5.210407e-05
3.293293e+01	2.581227e+01	1.411040e+00	9.323256e-08	5.199838e-05
3.296630e+01	2.582981e+01	1.411045e+00	9.291791e-08	5.189302e-05
3.299967e+01	2.584734e+01	1.411049e+00	9.260464e-08	5.178798e-05
3.303303e+01	2.586486e+01	1.411053e+00	9.229274e-08	5.168325e-05
3.306640e+01	2.588238e+01	1.411058e+00	9.198220e-08	5.157884e-05
3.309977e+01	2.589989e+01	1.411062e+00	9.167303e-08	5.147475e-05
3.313313e+01	2.591740e+01	1.411066e+00	9.136520e-08	5.137097e-05
3.316650e+01	2.593490e+01	1.411070e+00	9.105872e-08	5.126751e-05
3.319987e+01	2.595240e+01	1.411074e+00	9.075357e-08	5.116436e-05
3.323323e+01	2.596989e+01	1.411079e+00	9.044975e-08	5.106152e-05
3.326660e+01	2.598737e+01	1.411083e+00	9.014725e-08	5.095899e-05
3.329997e+01	2.600485e+01	1.411087e+00	8.984606e-08	5.085676e-05
3.333333e+01	2.602232e+01	1.411091e+00	8.954618e-08	5.075485e-05
